None
0.00030684471130371094
0.0002739429473876953
0.000244140625
0.0002338886260986328
0.00025916099548339844
0.0001621246337890625
0.00023889541625976562
0.00027489662170410156
8.702278137207031e-05
0.00019311904907226562
0.00011515617370605469
0.00028896331787109375
0.00021004676818847656
0.00022292137145996094
0.0002796649932861328
0.0002608299255371094
0.00013899803161621094
0.00023818016052246094
0.0002949237823486328
0.00014400482177734375
0.00013208389282226562
0.0001289844512939453
0.00014328956604003906
0.0001690387725830078
0.0001819133758544922
0.00017189979553222656
9.393692016601562e-05
0.00021767616271972656
0.0002238750457763672
0.0002009868621826172
0.0001900196075439453
0.00024509429931640625
0.0001232624053955078
0.00022482872009277344
0.00026798248291015625
0.0002529621124267578
0.0002219676971435547
0.0002498626708984375
0.0002658367156982422
0.00023818016052246094
0.00011301040649414062
0.00025963783264160156
0.0002949237823486328
0.0002422332763671875
0.0002617835998535156
0.00025081634521484375
0.000225067138671875
0.00026416778564453125
0.0001900196075439453
0.00024199485778808594
0.0002391338348388672
0.00021004676818847656
0.0002758502960205078
0.00011396408081054688
0.00026226043701171875
0.00019097328186035156
0.0002560615539550781
0.00024700164794921875
0.0001289844512939453
0.00020694732666015625
0.00023889541625976562
0.0002040863037109375
0.00024127960205078125
0.0002460479736328125
0.00018095970153808594
0.00019407272338867188
0.0002760887145996094
0.0002872943878173828
0.0002810955047607422
0.0002579689025878906
0.00026702880859375
0.0002541542053222656
0.0002608299255371094
0.00013303756713867188
0.00026106834411621094
0.00024008750915527344
7.581710815429688e-05
0.00026226043701171875
0.0002269744873046875
0.0002579689025878906
0.00024819374084472656
0.00025081634521484375
0.0002148151397705078
0.0001888275146484375
0.0001647472381591797
0.00018787384033203125
0.0002651214599609375
0.00024771690368652344
0.0002472400665283203
0.0001761913299560547
0.00023603439331054688
0.00023698806762695312
0.00024700164794921875
0.00028705596923828125
0.00023698806762695312
0.00022411346435546875
0.00026226043701171875
0.00023794174194335938
0.0002551078796386719
0.0002129077911376953
0.0002639293670654297
0.000247955322265625
0.00023412704467773438
0.0002620220184326172
0.0002818107604980469
0.000164031982421875
0.0002079010009765625
0.0002040863037109375
0.00011301040649414062
0.0003020763397216797
7.700920104980469e-05
0.00012922286987304688
0.000331878662109375
0.00021386146545410156
0.00021195411682128906
0.00022101402282714844
0.00021386146545410156
0.00017905235290527344
0.0002741813659667969
0.00021600723266601562
0.000164031982421875
0.00020074844360351562
0.0002319812774658203
0.0001270771026611328
0.000247955322265625
0.00016927719116210938
0.0002999305725097656
0.000270843505859375
0.0002410411834716797
0.00021576881408691406
0.00020623207092285156
0.0002238750457763672
0.00019502639770507812
0.0003571510314941406
0.0001957416534423828
0.0002162456512451172
0.0002841949462890625
0.00022292137145996094
0.00022912025451660156
0.0002579689025878906
0.00024700164794921875
0.00018095970153808594
0.0002589225769042969
0.0001399517059326172
0.00014638900756835938
0.00014209747314453125
0.00012111663818359375
0.0002391338348388672
0.000244140625
0.0002300739288330078
0.0002338886260986328
0.0002219676971435547
0.0002238750457763672
0.00018405914306640625
0.0002548694610595703
0.00026798248291015625
0.0002028942108154297
0.00020122528076171875
0.00024390220642089844
0.0002837181091308594
0.0002541542053222656
0.00024890899658203125
0.00026798248291015625
0.0002758502960205078
0.0002529621124267578
0.0001919269561767578
0.0002551078796386719
9.179115295410156e-05
0.0002377033233642578
0.0002410411834716797
0.0002579689025878906
0.0001819133758544922
0.00020694732666015625
0.00024700164794921875
0.00018405914306640625
0.0002448558807373047
0.00025200843811035156
0.0002334117889404297
0.0001919269561767578
0.00023412704467773438
0.0002639293670654297
0.0002586841583251953
0.0002346038818359375
0.00026106834411621094
0.0002548694610595703
0.00019502639770507812
0.00023031234741210938
0.00022482872009277344
0.0002570152282714844
0.0001957416534423828
8.702278137207031e-05
0.00019311904907226562
0.00023221969604492188
0.00026917457580566406
0.00024199485778808594
0.000202178955078125
0.00019478797912597656
0.000225067138671875
0.00021505355834960938
0.00022292137145996094
0.0002601146697998047
0.00023698806762695312
0.0002601146697998047
0.00021195411682128906
0.00020694732666015625
0.00012230873107910156
0.00025200843811035156
0.0002391338348388672
0.00022983551025390625
0.00024199485778808594
