None
0.00024080276489257812
0.00014710426330566406
0.00023031234741210938
8.082389831542969e-05
0.00023412704467773438
0.00020194053649902344
0.0002079010009765625
0.00024127960205078125
0.0002300739288330078
0.00017786026000976562
0.0001571178436279297
0.00014781951904296875
0.0002040863037109375
0.0002410411834716797
0.0002269744873046875
0.00022411346435546875
0.0002090930938720703
0.00018906593322753906
0.00023889541625976562
0.00018262863159179688
0.00025916099548339844
0.0002040863037109375
0.0002319812774658203
0.00018286705017089844
0.00024199485778808594
0.0002620220184326172
0.00022673606872558594
0.0002570152282714844
0.0002617835998535156
0.00015616416931152344
0.0001628398895263672
0.00016117095947265625
0.0002307891845703125
0.00015115737915039062
0.00024700164794921875
0.0002472400665283203
0.00021982192993164062
0.00020503997802734375
0.0002319812774658203
0.00020599365234375
0.0002338886260986328
0.00010013580322265625
0.00021886825561523438
0.00021004676818847656
0.00022602081298828125
0.0002090930938720703
0.0001709461212158203
0.0001938343048095703
0.0002231597900390625
0.00025391578674316406
0.0001881122589111328
0.00020885467529296875
0.00022721290588378906
0.00022673606872558594
0.0001800060272216797
0.0002460479736328125
0.00022721290588378906
0.0002269744873046875
0.0002410411834716797
0.00024819374084472656
0.0002300739288330078
0.0002219676971435547
0.0001857280731201172
0.0002319812774658203
0.00022602081298828125
0.00019097328186035156
0.00024175643920898438
0.0001900196075439453
0.00023889541625976562
0.000225067138671875
0.00023508071899414062
0.00023984909057617188
0.0001819133758544922
0.00015687942504882812
0.0003371238708496094
0.00021719932556152344
0.00023126602172851562
0.0001850128173828125
0.00023293495178222656
0.00032901763916015625
0.0002460479736328125
0.0001659393310546875
0.0002512931823730469
0.00023293495178222656
7.987022399902344e-05
0.0002357959747314453
0.0001862049102783203
0.0002570152282714844
0.0002422332763671875
0.00018215179443359375
0.000270843505859375
0.00023818016052246094
0.0002319812774658203
0.00019502639770507812
0.0002968311309814453
0.000209808349609375
0.00017499923706054688
0.00023603439331054688
0.00018477439880371094
0.00019097328186035156
0.000225067138671875
0.00023508071899414062
0.0001888275146484375
0.00021004676818847656
0.00018835067749023438
0.00019621849060058594
0.00018215179443359375
0.00020503997802734375
0.00018715858459472656
0.0002071857452392578
0.0002491474151611328
0.00023889541625976562
0.0001761913299560547
0.000186920166015625
0.0002090930938720703
0.00018310546875
0.0002243518829345703
0.00021409988403320312
0.00019502639770507812
0.00023603439331054688
0.000247955322265625
0.0002090930938720703
9.584426879882812e-05
0.0002522468566894531
0.00023293495178222656
0.00023794174194335938
0.0002570152282714844
9.083747863769531e-05
0.00021982192993164062
0.00018405914306640625
0.00024199485778808594
0.0002219676971435547
0.00023174285888671875
0.00021886825561523438
0.000179290771484375
0.00023508071899414062
0.00023603439331054688
0.00018310546875
0.00022792816162109375
0.0002582073211669922
0.00019097328186035156
0.00022101402282714844
0.00024127960205078125
0.00024199485778808594
0.00019788742065429688
0.0002548694610595703
0.00023603439331054688
0.0002570152282714844
0.00018310546875
0.0002567768096923828
0.00021004676818847656
0.00018787384033203125
0.00022101402282714844
0.00017189979553222656
0.00018668174743652344
0.00023412704467773438
0.0001232624053955078
0.0002129077911376953
0.00023794174194335938
0.0001499652862548828
0.0002181529998779297
0.00023412704467773438
0.00021195411682128906
0.00018405914306640625
0.00025391578674316406
6.29425048828125e-05
0.00019288063049316406
0.00022411346435546875
0.00025081634521484375
0.00024700164794921875
0.00021219253540039062
0.0001862049102783203
0.0001900196075439453
0.0002970695495605469
0.0001919269561767578
0.00021910667419433594
0.00021791458129882812
0.0002090930938720703
0.00024199485778808594
0.0002357959747314453
0.00022077560424804688
0.0002181529998779297
0.0002319812774658203
0.00024271011352539062
0.00019693374633789062
0.00024390220642089844
0.00022602081298828125
0.0002269744873046875
0.00022602081298828125
0.00022983551025390625
0.00019621849060058594
0.00024700164794921875
0.0002429485321044922
0.00015783309936523438
0.00017976760864257812
0.00017523765563964844
0.00025010108947753906
0.00012421607971191406
0.00024819374084472656
0.0002391338348388672
0.00023603439331054688
