None
0.00012493133544921875
0.00021600723266601562
0.00021028518676757812
0.00026297569274902344
0.0002129077911376953
0.0002338886260986328
0.00025081634521484375
0.0002219676971435547
0.00022459030151367188
0.000225067138671875
0.0001289844512939453
0.00021910667419433594
0.0002238750457763672
0.00022077560424804688
0.00018787384033203125
0.00018405914306640625
0.000244140625
0.0001780986785888672
0.0002319812774658203
0.00023293495178222656
0.00020003318786621094
0.0002219676971435547
0.00025081634521484375
0.00018310546875
0.0002601146697998047
0.00023818016052246094
0.000225067138671875
0.00017786026000976562
0.00021409988403320312
0.00026106834411621094
0.00015497207641601562
0.0001990795135498047
0.0002346038818359375
0.00021004676818847656
0.0002448558807373047
0.0003161430358886719
0.00022983551025390625
0.000225067138671875
0.00024390220642089844
0.00022411346435546875
0.00023102760314941406
0.0001990795135498047
0.00023102760314941406
0.00015497207641601562
0.00027489662170410156
0.00016999244689941406
0.00012731552124023438
7.867813110351562e-05
8.702278137207031e-05
0.0003380775451660156
0.00017380714416503906
0.00024700164794921875
0.00020122528076171875
0.00018310546875
0.0001838207244873047
0.00026607513427734375
0.00021600723266601562
0.00023174285888671875
0.00015997886657714844
0.00018215179443359375
0.00021409988403320312
0.0002541542053222656
0.00024390220642089844
0.0001728534698486328
0.0001952648162841797
0.0002181529998779297
0.0001678466796875
0.00018095970153808594
0.000225067138671875
0.00023984909057617188
0.0002460479736328125
0.00011110305786132812
0.0001010894775390625
8.177757263183594e-05
0.00021696090698242188
0.0001888275146484375
0.00022792816162109375
7.700920104980469e-05
0.00016999244689941406
0.00023794174194335938
0.00014209747314453125
0.0001919269561767578
0.00017905235290527344
0.00017881393432617188
8.416175842285156e-05
0.0001227855682373047
0.00022792816162109375
0.0002281665802001953
0.0002338886260986328
0.00022792816162109375
9.393692016601562e-05
0.0002930164337158203
0.00011920928955078125
0.00014781951904296875
0.00015425682067871094
0.0001678466796875
0.0001990795135498047
8.0108642578125e-05
0.00017499923706054688
0.00023698806762695312
0.0002570152282714844
0.00022792816162109375
0.00024318695068359375
0.0002601146697998047
0.000209808349609375
0.0001518726348876953
0.0001971721649169922
0.00024175643920898438
0.00019931793212890625
0.00023293495178222656
0.00011110305786132812
0.00018405914306640625
0.00025010108947753906
0.00026488304138183594
0.0002460479736328125
0.0002512931823730469
0.00018095970153808594
0.0002334117889404297
0.00029277801513671875
0.00021314620971679688
0.0002460479736328125
0.00022292137145996094
0.00022673606872558594
0.00018787384033203125
0.0002391338348388672
0.00023698806762695312
0.00018596649169921875
0.00017786026000976562
0.00021982192993164062
0.00022292137145996094
0.0002181529998779297
0.00023293495178222656
0.00022721290588378906
0.0001919269561767578
0.00018310546875
0.00018405914306640625
0.0001747608184814453
0.00023508071899414062
0.000202178955078125
0.00019311904907226562
0.00018215179443359375
0.00022220611572265625
0.00018215179443359375
0.0001709461212158203
0.00020313262939453125
0.0002779960632324219
0.000164031982421875
0.00023889541625976562
0.0001957416534423828
0.00021123886108398438
0.00023102760314941406
0.00022029876708984375
0.00020623207092285156
0.00021076202392578125
0.0002377033233642578
0.000247955322265625
0.00023508071899414062
0.00023603439331054688
0.00021505355834960938
0.00047278404235839844
0.00023317337036132812
0.0002346038818359375
0.00020813941955566406
0.0002288818359375
0.00025200843811035156
0.00021719932556152344
0.0001270771026611328
0.0002162456512451172
0.00023293495178222656
0.00019216537475585938
0.00014710426330566406
0.00016498565673828125
0.0002410411834716797
0.0001857280731201172
0.0002410411834716797
0.0002300739288330078
0.00023794174194335938
0.00020194053649902344
0.0002028942108154297
0.00021791458129882812
0.00021004676818847656
0.00020313262939453125
0.00025081634521484375
0.0002582073211669922
8.988380432128906e-05
0.0002269744873046875
0.0001850128173828125
0.0002627372741699219
0.00023102760314941406
0.00021719932556152344
0.0002129077911376953
0.00023412704467773438
0.00023794174194335938
0.0002090930938720703
0.00021719932556152344
0.00023102760314941406
0.00019788742065429688
7.486343383789062e-05
0.00019407272338867188
0.0002238750457763672
0.00024509429931640625
0.00022220611572265625
0.0002422332763671875
0.00028014183044433594
