None
0.00010919570922851562
0.0002617835998535156
0.00020384788513183594
0.00026416778564453125
0.0002589225769042969
0.00021386146545410156
0.00020885467529296875
0.0002548694610595703
0.0002338886260986328
0.00022912025451660156
0.00021982192993164062
0.00021600723266601562
0.000263214111328125
0.0002651214599609375
0.00023984909057617188
0.00024700164794921875
0.00024390220642089844
0.0002238750457763672
0.00022983551025390625
0.00023102760314941406
0.00022792816162109375
0.00012087821960449219
0.0002067089080810547
0.00020575523376464844
0.0002429485321044922
0.00019693374633789062
0.0002129077911376953
0.00022125244140625
0.0003101825714111328
0.0002028942108154297
0.00019097328186035156
0.000125885009765625
0.00021600723266601562
0.0002193450927734375
0.0002377033233642578
0.00020503997802734375
0.0002110004425048828
0.00020599365234375
0.00021910667419433594
0.0002269744873046875
0.00021576881408691406
0.00022101402282714844
0.0002071857452392578
8.082389831542969e-05
0.0002560615539550781
0.0002620220184326172
0.0002582073211669922
0.00022459030151367188
0.00021219253540039062
0.0001499652862548828
0.00023794174194335938
0.00014901161193847656
0.00019979476928710938
0.0001919269561767578
0.00021719932556152344
0.0002071857452392578
0.0002491474151611328
0.00019598007202148438
0.0002949237823486328
0.00025582313537597656
0.00018978118896484375
0.00026106834411621094
0.00022125244140625
0.0002448558807373047
0.00024390220642089844
0.00024318695068359375
0.00025391578674316406
0.0002741813659667969
0.0001819133758544922
0.00019884109497070312
0.0001659393310546875
0.00017380714416503906
0.00025081634521484375
0.00024080276489257812
0.0002079010009765625
0.00022292137145996094
0.00022101402282714844
0.0001850128173828125
0.00018286705017089844
0.0001800060272216797
0.0002040863037109375
7.915496826171875e-05
0.00022482872009277344
0.0001838207244873047
0.00024819374084472656
0.0002410411834716797
0.00023102760314941406
0.0002372264862060547
0.00020313262939453125
0.00017714500427246094
0.00021409988403320312
0.0002589225769042969
0.0002598762512207031
0.00016617774963378906
0.0002639293670654297
0.00022912025451660156
0.0002601146697998047
0.00023126602172851562
0.0002262592315673828
0.00021505355834960938
0.00013709068298339844
0.0001609325408935547
0.00012302398681640625
0.0003440380096435547
0.00029397010803222656
0.0002219676971435547
0.00022101402282714844
0.000263214111328125
0.00019407272338867188
0.00022673606872558594
0.00019621849060058594
0.00023174285888671875
0.00023794174194335938
0.00023412704467773438
0.00025391578674316406
0.00039505958557128906
0.00020003318786621094
0.0002722740173339844
0.0002357959747314453
0.00010800361633300781
0.0001857280731201172
0.000225067138671875
0.0003058910369873047
0.00023674964904785156
0.00024580955505371094
0.0002589225769042969
0.00022912025451660156
0.0002601146697998047
0.0002040863037109375
0.00026607513427734375
0.00012421607971191406
0.0001900196075439453
0.00025272369384765625
0.00016689300537109375
0.00035881996154785156
0.00024318695068359375
0.00023603439331054688
0.00022292137145996094
0.000247955322265625
0.0002849102020263672
0.00023698806762695312
0.00018596649169921875
0.0002110004425048828
0.00021195411682128906
0.00022983551025390625
0.00023984909057617188
0.0001990795135498047
0.00024127960205078125
0.00023174285888671875
0.0001678466796875
0.00023412704467773438
0.00022077560424804688
0.00023818016052246094
0.00037980079650878906
0.0002028942108154297
0.00024080276489257812
0.00022029876708984375
8.392333984375e-05
0.00023818016052246094
0.0002589225769042969
0.0002601146697998047
0.0002560615539550781
0.00024700164794921875
0.0002410411834716797
0.0001919269561767578
0.0002300739288330078
0.0002560615539550781
0.00019812583923339844
0.00014281272888183594
0.0001819133758544922
0.00023603439331054688
0.0002510547637939453
0.0002338886260986328
0.000244140625
0.0002288818359375
0.00020599365234375
0.0002410411834716797
0.00021004676818847656
0.0002498626708984375
0.0002129077911376953
0.00023293495178222656
0.00023794174194335938
0.0002498626708984375
0.00015497207641601562
0.000244140625
0.00022292137145996094
0.00018787384033203125
0.0002200603485107422
0.00023603439331054688
0.0002377033233642578
0.00015997886657714844
0.00021982192993164062
0.0002219676971435547
0.0002319812774658203
0.00025200843811035156
7.200241088867188e-05
0.00023412704467773438
0.0002319812774658203
0.00023603439331054688
0.00023293495178222656
0.0002269744873046875
0.00024700164794921875
0.00023508071899414062
0.0002658367156982422
0.00020599365234375
0.00010824203491210938
0.00014090538024902344
0.00018095970153808594
0.00022602081298828125
0.00025391578674316406
0.00019407272338867188
0.00023889541625976562
0.00023818016052246094
0.0002269744873046875
0.00023484230041503906
0.00021505355834960938
0.00012993812561035156
0.000225067138671875
0.00021195411682128906
0.0002460479736328125
0.00021386146545410156
0.0002372264862060547
0.0002079010009765625
0.00026297569274902344
0.00020503997802734375
0.0001888275146484375
0.0002219676971435547
0.0002338886260986328
0.0002522468566894531
0.00023889541625976562
0.00026106834411621094
0.0002601146697998047
0.00025010108947753906
7.104873657226562e-05
0.00023031234741210938
0.00033211708068847656
0.00021910667419433594
