None
0.0002620220184326172
0.00023221969604492188
0.00024390220642089844
0.0002472400665283203
0.0002732276916503906
0.00024175643920898438
0.00024509429931640625
0.0002720355987548828
0.0002579689025878906
0.00014710426330566406
0.00024199485778808594
0.0002810955047607422
0.0002758502960205078
0.00023126602172851562
0.00027680397033691406
0.0002770423889160156
0.0003237724304199219
0.0002281665802001953
0.00017905235290527344
0.0002770423889160156
0.00013017654418945312
0.00025177001953125
0.00032520294189453125
0.00021910667419433594
0.0002620220184326172
0.000270843505859375
0.0002727508544921875
0.00024080276489257812
0.00028634071350097656
0.0002048015594482422
0.0002541542053222656
0.00026679039001464844
0.0002448558807373047
0.0001983642578125
0.00012087821960449219
0.00027108192443847656
0.0002789497375488281
0.00026106834411621094
0.0003337860107421875
0.00020003318786621094
0.0003299713134765625
6.413459777832031e-05
0.00024390220642089844
0.00011229515075683594
0.00023698806762695312
0.00030517578125
0.0002512931823730469
0.0002338886260986328
0.0002770423889160156
0.00027680397033691406
0.0002162456512451172
0.00023818016052246094
0.00025916099548339844
0.0002968311309814453
0.0002818107604980469
0.000225067138671875
0.0003170967102050781
0.0002830028533935547
0.0002276897430419922
0.0001747608184814453
0.0002789497375488281
0.0002722740173339844
0.0002040863037109375
0.00025916099548339844
8.487701416015625e-05
0.0002582073211669922
0.00024390220642089844
0.00027298927307128906
0.000263214111328125
0.00022292137145996094
0.00027871131896972656
0.00024390220642089844
0.00030803680419921875
0.00026702880859375
0.00019097328186035156
0.000209808349609375
0.0002002716064453125
0.0002727508544921875
0.00023984909057617188
0.0002548694610595703
0.0002849102020263672
0.0002372264862060547
0.00015592575073242188
0.00029087066650390625
0.0002970695495605469
0.0002570152282714844
0.0002639293670654297
8.606910705566406e-05
0.00026798248291015625
0.0002231597900390625
0.00033783912658691406
0.0002739429473876953
0.00029015541076660156
0.00023293495178222656
0.00024890899658203125
0.0002658367156982422
0.0002560615539550781
0.0002129077911376953
0.000244140625
0.0003020763397216797
0.0003101825714111328
0.0002810955047607422
0.0002048015594482422
0.0002720355987548828
0.00026702880859375
0.0002779960632324219
0.0002791881561279297
0.00029397010803222656
0.00024700164794921875
0.00020885467529296875
0.00019407272338867188
0.0001800060272216797
0.00021600723266601562
0.00013780593872070312
0.00011706352233886719
0.0002849102020263672
0.00028014183044433594
0.00031185150146484375
0.00036597251892089844
0.0002827644348144531
0.0002579689025878906
0.00021696090698242188
0.00019097328186035156
0.00017833709716796875
0.00031685829162597656
0.00022077560424804688
0.00036716461181640625
0.00026297569274902344
0.0002849102020263672
0.0002238750457763672
0.00022673606872558594
0.00022912025451660156
0.0001747608184814453
0.00025081634521484375
0.00024509429931640625
0.00023603439331054688
0.0002970695495605469
0.0002601146697998047
0.00026798248291015625
0.000244140625
0.0002529621124267578
0.00026488304138183594
0.0002548694610595703
0.0002758502960205078
0.00026106834411621094
0.0002276897430419922
0.00027823448181152344
0.0002570152282714844
0.00014472007751464844
0.00022912025451660156
0.0002532005310058594
0.0002601146697998047
0.00026106834411621094
0.0002529621124267578
0.00032329559326171875
8.487701416015625e-05
0.00026106834411621094
0.00021386146545410156
0.00025010108947753906
0.00024199485778808594
0.0002751350402832031
0.00020384788513183594
0.0002720355987548828
0.00024509429931640625
0.0002181529998779297
0.00026798248291015625
0.00021123886108398438
0.0002551078796386719
0.00021505355834960938
0.0002608299255371094
0.0002617835998535156
0.00022292137145996094
0.00023508071899414062
0.0002300739288330078
0.00036787986755371094
0.0002570152282714844
0.00019288063049316406
0.00028705596923828125
7.915496826171875e-05
0.00023889541625976562
0.00026535987854003906
0.0002770423889160156
0.00025582313537597656
0.0002880096435546875
0.00025200843811035156
0.00023317337036132812
0.00030612945556640625
0.0002760887145996094
0.0002579689025878906
0.00018715858459472656
0.0002727508544921875
0.0002589225769042969
0.00026607513427734375
0.00023889541625976562
0.0002560615539550781
0.0002460479736328125
0.00022172927856445312
0.0002551078796386719
0.00018405914306640625
0.00020885467529296875
0.00027108192443847656
0.0001049041748046875
0.00025010108947753906
0.0002589225769042969
0.0003910064697265625
0.00018310546875
0.0002570152282714844
0.00028896331787109375
0.0002639293670654297
0.0002739429473876953
0.00025200843811035156
0.00021719932556152344
0.0002589225769042969
0.00028896331787109375
0.0001952648162841797
0.00019311904907226562
0.0002002716064453125
0.00023984909057617188
0.00026297569274902344
0.00021600723266601562
0.000247955322265625
0.000247955322265625
0.00026488304138183594
0.00021195411682128906
0.00024008750915527344
0.000240325927734375
