None
0.0002422332763671875
0.00025582313537597656
0.00020623207092285156
0.0001971721649169922
0.00019693374633789062
9.512901306152344e-05
0.00033402442932128906
0.0002589225769042969
0.00024890899658203125
0.0002980232238769531
0.00024199485778808594
0.0002048015594482422
0.0001430511474609375
0.00030994415283203125
0.00024700164794921875
0.00023484230041503906
0.0002701282501220703
0.0002689361572265625
0.0002601146697998047
0.00021791458129882812
0.00023603439331054688
0.0002570152282714844
0.0001270771026611328
0.00022411346435546875
0.0002541542053222656
0.00022411346435546875
0.0002651214599609375
0.00024008750915527344
0.00021004676818847656
0.00026226043701171875
0.00023603439331054688
0.00018787384033203125
0.00024890899658203125
0.00026702880859375
0.0002551078796386719
0.00023126602172851562
0.00023102760314941406
0.0002129077911376953
0.0004100799560546875
0.0002281665802001953
0.0002410411834716797
0.00023794174194335938
0.00020813941955566406
0.0002551078796386719
0.00019407272338867188
0.00021982192993164062
0.0003788471221923828
0.0002257823944091797
0.00015306472778320312
0.0001990795135498047
0.0002620220184326172
0.00022983551025390625
0.0002391338348388672
0.0002460479736328125
0.00022292137145996094
0.00022912025451660156
0.00022983551025390625
0.00014495849609375
0.00022292137145996094
0.00020122528076171875
0.00021004676818847656
0.0002918243408203125
0.0001811981201171875
0.0001800060272216797
0.000225067138671875
0.000270843505859375
0.00018095970153808594
0.00023698806762695312
0.00024890899658203125
0.0002510547637939453
0.0002739429473876953
0.00023221969604492188
0.00023794174194335938
0.00023818016052246094
0.00021910667419433594
0.0001709461212158203
0.00023865699768066406
0.00022602081298828125
0.00022411346435546875
0.00011587142944335938
0.00022983551025390625
0.00025177001953125
0.00013899803161621094
0.0002391338348388672
0.00018525123596191406
0.0002028942108154297
0.00023508071899414062
0.00022077560424804688
0.0002307891845703125
0.00032711029052734375
0.00024819374084472656
0.00022602081298828125
9.298324584960938e-05
0.0002429485321044922
0.00022673606872558594
0.00020694732666015625
0.00019288063049316406
0.00022411346435546875
0.00023889541625976562
0.00022029876708984375
0.00026488304138183594
0.00021219253540039062
0.0001819133758544922
0.0002307891845703125
0.0002372264862060547
7.295608520507812e-05
0.0002009868621826172
0.00025272369384765625
0.00019216537475585938
0.0002307891845703125
0.0002541542053222656
0.0002613067626953125
0.0002570152282714844
0.000244140625
0.0002608299255371094
0.00025200843811035156
0.00028705596923828125
0.0001800060272216797
0.00021505355834960938
0.00023889541625976562
0.0002200603485107422
0.00023102760314941406
0.0001971721649169922
0.00023889541625976562
0.00030112266540527344
0.00026607513427734375
0.0003020763397216797
0.00019788742065429688
0.0002238750457763672
0.00029969215393066406
0.0002532005310058594
0.0002779960632324219
0.00015091896057128906
0.0002911090850830078
0.0003440380096435547
0.00031876564025878906
0.00029587745666503906
0.00027680397033691406
0.0002970695495605469
0.00023674964904785156
0.0002541542053222656
0.0002410411834716797
0.00020885467529296875
0.0002548694610595703
0.00024008750915527344
0.00021719932556152344
0.00023102760314941406
0.00030517578125
0.00024509429931640625
0.00020503997802734375
0.0002391338348388672
0.0002551078796386719
0.0002472400665283203
0.00019288063049316406
0.00023484230041503906
0.00020194053649902344
0.0002758502960205078
0.0002129077911376953
0.0002732276916503906
0.0002410411834716797
0.0003039836883544922
0.00026297569274902344
0.00018405914306640625
0.00027298927307128906
0.00019311904907226562
0.00025916099548339844
7.462501525878906e-05
0.00024700164794921875
0.00028586387634277344
0.00012803077697753906
0.0001900196075439453
0.0002548694610595703
0.0002281665802001953
0.00023984909057617188
0.0002589225769042969
0.0002028942108154297
0.0002472400665283203
0.00025391578674316406
0.00023674964904785156
0.00019097328186035156
0.0001800060272216797
0.0002372264862060547
0.00023818016052246094
0.0002491474151611328
0.00025081634521484375
0.00029206275939941406
0.00015497207641601562
0.00025010108947753906
0.0002961158752441406
0.00018215179443359375
0.00033283233642578125
0.0001442432403564453
0.00024390220642089844
0.000247955322265625
0.00023293495178222656
0.00023126602172851562
0.0002696514129638672
0.00029015541076660156
0.00026297569274902344
0.00027108192443847656
0.00023818016052246094
0.0002732276916503906
0.0002720355987548828
0.00023508071899414062
0.0002429485321044922
0.0002651214599609375
0.00023865699768066406
0.0002529621124267578
0.0002589225769042969
0.00030517578125
0.0001277923583984375
0.00022912025451660156
0.00025010108947753906
0.00016689300537109375
0.00017690658569335938
0.0002570152282714844
0.00040721893310546875
0.0002579689025878906
0.00027489662170410156
0.00023102760314941406
