None
0.0003058910369873047
0.00013780593872070312
0.0002548694610595703
0.0001049041748046875
0.00013899803161621094
0.0002589225769042969
0.00023818016052246094
0.00026917457580566406
0.00021004676818847656
0.00025916099548339844
0.000225067138671875
0.00025916099548339844
0.00024080276489257812
0.00018477439880371094
0.0002532005310058594
0.0001888275146484375
0.0002300739288330078
0.0002620220184326172
0.0002760887145996094
0.00023818016052246094
0.00026917457580566406
0.0002541542053222656
0.0002269744873046875
0.00025773048400878906
0.00027489662170410156
0.0002560615539550781
0.0001857280731201172
0.0002601146697998047
0.0002570152282714844
0.00021195411682128906
0.0002472400665283203
0.00024390220642089844
0.00025010108947753906
0.00024700164794921875
0.0002942085266113281
0.00022602081298828125
0.0002040863037109375
0.000263214111328125
0.0002682209014892578
0.0002777576446533203
0.0002701282501220703
0.00027108192443847656
0.00026702880859375
0.00020599365234375
0.00025391578674316406
0.00017189979553222656
0.0002732276916503906
0.00023794174194335938
0.0001678466796875
0.00028705596923828125
0.0002620220184326172
0.0002529621124267578
0.0002627372741699219
0.0002608299255371094
0.00026106834411621094
0.00024700164794921875
0.00026297569274902344
0.00026798248291015625
0.00017213821411132812
0.0002899169921875
0.0002551078796386719
0.00021791458129882812
0.0001361370086669922
0.00019979476928710938
0.0002460479736328125
0.00016617774963378906
0.00024890899658203125
0.00020313262939453125
0.00023794174194335938
0.0002448558807373047
0.0002758502960205078
0.00021791458129882812
0.00026106834411621094
0.0002589225769042969
0.00023698806762695312
0.0002770423889160156
0.00021600723266601562
0.00021409988403320312
0.00023818016052246094
0.00025916099548339844
0.00023889541625976562
0.00018930435180664062
0.0002601146697998047
0.00022792816162109375
0.00020503997802734375
0.00023412704467773438
0.00023698806762695312
0.0002410411834716797
0.0002079010009765625
0.0002548694610595703
0.0002777576446533203
0.00026798248291015625
0.0002491474151611328
0.0002090930938720703
7.987022399902344e-05
0.00024175643920898438
0.0002949237823486328
0.00025010108947753906
0.00026702880859375
0.00030994415283203125
0.0002617835998535156
0.0002219676971435547
0.0001850128173828125
0.00026607513427734375
0.0003170967102050781
0.0002148151397705078
0.00026488304138183594
0.00022721290588378906
0.00019693374633789062
0.0002830028533935547
0.0002071857452392578
0.00013399124145507812
0.0002639293670654297
0.00022411346435546875
0.0002613067626953125
0.0002288818359375
0.00023508071899414062
0.000186920166015625
0.0002491474151611328
0.00027680397033691406
0.0002422332763671875
0.0002338886260986328
0.0002071857452392578
0.0002181529998779297
0.00021886825561523438
0.0002617835998535156
0.00021195411682128906
0.0002071857452392578
0.0002110004425048828
0.00018095970153808594
0.00020599365234375
0.0002510547637939453
0.00016498565673828125
0.00026607513427734375
0.00026798248291015625
0.00026416778564453125
0.0002048015594482422
0.0002789497375488281
0.0001900196075439453
9.274482727050781e-05
0.00026226043701171875
0.0002548694610595703
0.00021314620971679688
0.0002238750457763672
0.0002219676971435547
0.00014591217041015625
0.0003509521484375
0.00021982192993164062
0.0002739429473876953
0.00028228759765625
0.00026488304138183594
0.00026297569274902344
0.00021409988403320312
0.0002448558807373047
0.00021004676818847656
0.00027108192443847656
0.00024080276489257812
0.00024008750915527344
0.00027298927307128906
0.0002460479736328125
0.00023603439331054688
0.00020313262939453125
8.082389831542969e-05
0.00026607513427734375
0.0002601146697998047
0.00015401840209960938
0.0002338886260986328
0.0002491474151611328
0.0002789497375488281
0.000270843505859375
0.00021886825561523438
0.0002701282501220703
0.00027298927307128906
0.00024199485778808594
0.00025391578674316406
0.0003311634063720703
0.00021505355834960938
0.00014019012451171875
0.0002892017364501953
0.0002551078796386719
0.0002617835998535156
0.0002288818359375
0.00022101402282714844
0.00022172927856445312
0.00026488304138183594
0.00010132789611816406
0.0001659393310546875
0.0002486705780029297
0.00023293495178222656
0.0001957416534423828
0.0002110004425048828
0.00024080276489257812
0.00023984909057617188
0.0002560615539550781
0.0002582073211669922
0.00019693374633789062
0.0002532005310058594
0.00026798248291015625
0.0002009868621826172
0.000263214111328125
0.00015211105346679688
0.0001780986785888672
0.0002219676971435547
0.0002510547637939453
0.0002472400665283203
0.00022125244140625
0.00024318695068359375
0.00021195411682128906
0.0002942085266113281
0.0002689361572265625
0.0002608299255371094
0.00023698806762695312
0.00024080276489257812
0.00021219253540039062
0.0002601146697998047
0.0002129077911376953
0.00026702880859375
0.00026679039001464844
0.00025582313537597656
0.00023889541625976562
0.00028896331787109375
0.00026702880859375
0.00031685829162597656
0.0002789497375488281
0.0002961158752441406
0.00026702880859375
8.702278137207031e-05
0.0002617835998535156
0.00021600723266601562
0.00027179718017578125
9.894371032714844e-05
0.00025916099548339844
