None
0.0002720355987548828
0.0002567768096923828
0.0002551078796386719
0.0002598762512207031
0.00024890899658203125
0.0002372264862060547
0.00020813941955566406
0.0002989768981933594
0.0002429485321044922
0.0002529621124267578
0.00025177001953125
0.00023508071899414062
0.00021696090698242188
0.00026488304138183594
0.00024700164794921875
0.0002567768096923828
0.00025081634521484375
0.0002720355987548828
0.00030517578125
0.00022411346435546875
0.0001709461212158203
0.0001819133758544922
0.00018715858459472656
0.0002770423889160156
0.00023293495178222656
0.00022912025451660156
0.0002288818359375
0.0002560615539550781
9.989738464355469e-05
0.0002288818359375
0.0002579689025878906
0.0002357959747314453
0.000247955322265625
0.00010395050048828125
0.0002269744873046875
0.0002377033233642578
0.00017976760864257812
0.0002300739288330078
0.0002548694610595703
0.000225067138671875
0.0002498626708984375
0.0002522468566894531
0.00025391578674316406
0.00022602081298828125
0.00026226043701171875
0.00025010108947753906
0.0002472400665283203
0.0002582073211669922
0.00018405914306640625
0.00023984909057617188
0.00020694732666015625
0.0002410411834716797
0.00025582313537597656
0.00024509429931640625
0.00020003318786621094
0.0002758502960205078
0.00025391578674316406
0.0002300739288330078
0.00025010108947753906
0.00027108192443847656
0.0002760887145996094
0.0001952648162841797
0.0002422332763671875
0.00024580955505371094
0.0001609325408935547
0.0001862049102783203
0.00021696090698242188
0.00023984909057617188
0.0002410411834716797
0.0002589225769042969
0.00024127960205078125
9.012222290039062e-05
0.0002040863037109375
0.00025391578674316406
0.00018787384033203125
0.00019097328186035156
0.0002841949462890625
0.00023889541625976562
0.000244140625
0.0002758502960205078
0.0002830028533935547
0.00026297569274902344
0.0002181529998779297
0.00022292137145996094
0.0002789497375488281
0.00022983551025390625
0.00019884109497070312
0.00024700164794921875
0.0002810955047607422
0.00019812583923339844
0.000392913818359375
0.00027179718017578125
0.00020623207092285156
0.00027108192443847656
0.00024199485778808594
0.0003230571746826172
0.0002040863037109375
0.00026488304138183594
0.00019884109497070312
0.00025200843811035156
0.00022101402282714844
0.00024509429931640625
0.0002079010009765625
0.0002830028533935547
0.0001857280731201172
0.00019979476928710938
0.00026106834411621094
0.00017786026000976562
0.0002760887145996094
0.00018405914306640625
0.00020194053649902344
0.000179290771484375
0.0001537799835205078
0.00023293495178222656
0.00014901161193847656
0.0002779960632324219
0.0001938343048095703
0.00022029876708984375
0.0002579689025878906
0.00023508071899414062
0.0002617835998535156
0.00027823448181152344
0.00022983551025390625
0.0002372264862060547
0.00023603439331054688
0.00015616416931152344
0.00022912025451660156
0.00022101402282714844
0.0002512931823730469
0.00026488304138183594
0.0002410411834716797
0.00023674964904785156
0.00024509429931640625
0.0002999305725097656
0.0002448558807373047
0.00023794174194335938
0.0003380775451660156
0.0002727508544921875
0.0002827644348144531
0.0002181529998779297
0.0002410411834716797
0.0002429485321044922
0.00020384788513183594
0.0001270771026611328
0.00027298927307128906
0.0001621246337890625
0.00021696090698242188
0.00023484230041503906
0.0002319812774658203
0.00024008750915527344
0.00012493133544921875
0.000263214111328125
8.392333984375e-05
0.00027489662170410156
0.00025010108947753906
0.0002942085266113281
0.0002510547637939453
0.00019598007202148438
0.00018906593322753906
0.000202178955078125
0.00025081634521484375
0.0002579689025878906
0.00023174285888671875
0.00023889541625976562
0.00023412704467773438
0.00019288063049316406
0.00025010108947753906
0.0001990795135498047
0.0002751350402832031
0.0001862049102783203
0.00025081634521484375
0.00027298927307128906
0.00021696090698242188
0.00024390220642089844
0.00025391578674316406
0.00018405914306640625
0.00032901763916015625
0.00015473365783691406
0.0002269744873046875
0.00026297569274902344
0.00023126602172851562
0.0002830028533935547
0.0003440380096435547
0.0002377033233642578
0.000270843505859375
0.00015997886657714844
0.00013780593872070312
0.0001552104949951172
0.0002028942108154297
0.0001919269561767578
8.797645568847656e-05
0.0002689361572265625
0.00028204917907714844
0.00019216537475585938
0.00025391578674316406
0.00011420249938964844
0.0002391338348388672
0.00029587745666503906
0.0002949237823486328
0.0002467632293701172
0.00019502639770507812
0.00024580955505371094
0.00024890899658203125
0.00024008750915527344
0.0003058910369873047
0.00028061866760253906
0.0002071857452392578
0.0002598762512207031
0.00021004676818847656
0.0001971721649169922
0.00021505355834960938
0.00023794174194335938
0.00024175643920898438
0.0002110004425048828
0.0002601146697998047
