None
0.0002391338348388672
0.0002701282501220703
0.0002720355987548828
0.00024008750915527344
0.0002560615539550781
0.0002827644348144531
0.0002377033233642578
0.000202178955078125
0.00021409988403320312
0.0003116130828857422
0.0002777576446533203
0.0002422332763671875
0.00026226043701171875
0.0002129077911376953
0.0001919269561767578
0.0002617835998535156
0.00013685226440429688
0.000286102294921875
0.0002799034118652344
0.00020575523376464844
0.0002079010009765625
0.00030684471130371094
0.00023794174194335938
0.0001990795135498047
0.00031280517578125
0.0001800060272216797
0.00023221969604492188
0.00023412704467773438
0.0003070831298828125
0.00025582313537597656
0.00028324127197265625
0.00023174285888671875
0.0002911090850830078
0.00020503997802734375
0.00029206275939941406
0.00013208389282226562
0.0002970695495605469
0.00021195411682128906
0.0003001689910888672
0.00025272369384765625
0.00017595291137695312
0.0002589225769042969
0.000186920166015625
0.0002617835998535156
0.0002841949462890625
0.000141143798828125
0.0002570152282714844
0.00022292137145996094
0.0001480579376220703
0.0002422332763671875
0.00032520294189453125
0.00024700164794921875
0.00024318695068359375
8.416175842285156e-05
0.00029587745666503906
0.00029587745666503906
0.0002639293670654297
0.0002429485321044922
0.0002951622009277344
0.00024890899658203125
0.0002827644348144531
0.000244140625
0.00023484230041503906
0.00023818016052246094
0.00028705596923828125
0.00017309188842773438
6.914138793945312e-05
0.00025200843811035156
0.00020194053649902344
0.00021314620971679688
0.00022172927856445312
0.00019812583923339844
0.0002219676971435547
0.00021600723266601562
0.00022602081298828125
0.0002608299255371094
0.0002529621124267578
0.00021338462829589844
0.00023698806762695312
0.000225067138671875
0.00025391578674316406
0.00022077560424804688
0.000244140625
0.00026798248291015625
0.00025010108947753906
0.00020194053649902344
0.00024199485778808594
0.0002789497375488281
0.00023698806762695312
0.00019979476928710938
0.00025725364685058594
0.0002760887145996094
0.0002853870391845703
0.00020122528076171875
0.00024390220642089844
0.00016188621520996094
0.0002307891845703125
0.00026106834411621094
0.00023484230041503906
0.00025391578674316406
0.00020194053649902344
0.0002701282501220703
0.00026702880859375
0.00013494491577148438
0.00024962425231933594
0.0002760887145996094
0.00024819374084472656
0.00023508071899414062
0.00023412704467773438
0.0002551078796386719
0.0002810955047607422
0.00024127960205078125
0.00026297569274902344
0.00026607513427734375
0.0002512931823730469
0.00023484230041503906
0.00021195411682128906
0.0003447532653808594
0.00020503997802734375
0.00023317337036132812
0.00018095970153808594
0.00019025802612304688
0.00024008750915527344
0.000244140625
0.0002570152282714844
0.00026702880859375
0.00025391578674316406
0.00027108192443847656
0.00021600723266601562
0.0002789497375488281
0.0002238750457763672
0.00027179718017578125
0.0002512931823730469
0.000186920166015625
0.0001609325408935547
0.0002276897430419922
0.00015687942504882812
0.00023698806762695312
0.0001900196075439453
0.00028395652770996094
0.00026106834411621094
0.0002090930938720703
0.0002307891845703125
0.00024390220642089844
0.00025391578674316406
0.00029587745666503906
0.00025081634521484375
0.000270843505859375
0.00024008750915527344
0.00023889541625976562
0.00028395652770996094
0.00024008750915527344
0.00021696090698242188
0.00016379356384277344
0.00014710426330566406
0.00023293495178222656
0.0002560615539550781
0.0002701282501220703
0.0002338886260986328
0.0002357959747314453
0.0002319812774658203
0.00017261505126953125
0.0002770423889160156
0.0002911090850830078
0.00023293495178222656
0.000247955322265625
0.0001678466796875
0.00022792816162109375
0.00021028518676757812
0.00023603439331054688
0.00020885467529296875
0.0002429485321044922
0.0002601146697998047
0.0002181529998779297
0.0002770423889160156
0.00023484230041503906
0.00022411346435546875
0.00034880638122558594
0.00025010108947753906
8.916854858398438e-05
0.00024390220642089844
0.0002510547637939453
0.00025200843811035156
0.00024390220642089844
0.0002110004425048828
0.00025916099548339844
0.00017881393432617188
0.0002429485321044922
0.00023603439331054688
0.00026798248291015625
0.00023412704467773438
0.00023508071899414062
9.012222290039062e-05
0.00026488304138183594
0.00018286705017089844
0.00026702880859375
0.0002701282501220703
0.00026106834411621094
0.0002918243408203125
0.0002529621124267578
0.0002868175506591797
0.0002338886260986328
0.0001800060272216797
0.0002129077911376953
0.0002551078796386719
8.082389831542969e-05
0.0002460479736328125
0.00018477439880371094
0.00024819374084472656
0.00016808509826660156
0.0003020763397216797
0.0002567768096923828
0.00021719932556152344
0.0002579689025878906
0.00024819374084472656
0.00025391578674316406
0.0002472400665283203
0.00024080276489257812
6.604194641113281e-05
0.000270843505859375
0.00018405914306640625
0.0002238750457763672
0.0002040863037109375
0.00025010108947753906
0.0002818107604980469
0.00022101402282714844
0.0002410411834716797
0.00023865699768066406
0.0002529621124267578
0.00023794174194335938
0.0001418590545654297
0.00012993812561035156
0.0002522468566894531
0.00019097328186035156
0.0002048015594482422
0.00025200843811035156
0.00023603439331054688
0.0001862049102783203
0.0002570152282714844
0.00022983551025390625
0.00020194053649902344
0.0002880096435546875
0.0002067089080810547
0.0001709461212158203
0.0001919269561767578
