None
0.0002422332763671875
0.00017213821411132812
0.00021910667419433594
0.00021409988403320312
0.00022673606872558594
0.000263214111328125
0.00024390220642089844
0.00018405914306640625
0.0001990795135498047
0.00019502639770507812
0.0002429485321044922
0.0002570152282714844
0.00022077560424804688
0.0002586841583251953
0.00020813941955566406
0.0002601146697998047
0.0002570152282714844
0.00020575523376464844
0.0002961158752441406
0.000209808349609375
0.0001971721649169922
0.00019598007202148438
0.00016617774963378906
0.0001857280731201172
0.0002288818359375
0.00026488304138183594
0.000308990478515625
0.0002970695495605469
0.00020194053649902344
8.606910705566406e-05
0.00026988983154296875
0.00020384788513183594
0.00022292137145996094
0.000186920166015625
0.0001900196075439453
0.00019621849060058594
0.0002639293670654297
0.0002028942108154297
0.00016617774963378906
0.00018715858459472656
0.0002219676971435547
0.00021004676818847656
0.0002887248992919922
0.00013709068298339844
0.0002589225769042969
0.0002009868621826172
0.00023102760314941406
0.00026702880859375
0.0001888275146484375
0.00026702880859375
0.0002040863037109375
0.0002601146697998047
0.00022912025451660156
0.0002579689025878906
0.0002067089080810547
0.00020313262939453125
0.0002827644348144531
0.00017881393432617188
0.00024008750915527344
0.00023293495178222656
0.0002779960632324219
7.724761962890625e-05
0.0002739429473876953
0.00024390220642089844
0.00025200843811035156
0.0002658367156982422
0.00033092498779296875
0.00021696090698242188
0.00018787384033203125
0.00022792816162109375
0.00028586387634277344
0.00018525123596191406
0.0002570152282714844
0.0002009868621826172
0.00020313262939453125
0.0001590251922607422
0.0002682209014892578
0.00021982192993164062
0.0002741813659667969
0.0002658367156982422
0.0002391338348388672
0.0002598762512207031
0.00024509429931640625
0.00024080276489257812
0.00022602081298828125
0.00022912025451660156
0.00023484230041503906
0.00022292137145996094
0.00018787384033203125
0.0001552104949951172
0.0002090930938720703
0.00023508071899414062
0.0002770423889160156
0.0002281665802001953
0.0001919269561767578
0.00013017654418945312
0.00023865699768066406
0.00023794174194335938
8.988380432128906e-05
0.0002651214599609375
0.0002522468566894531
0.00024199485778808594
0.0002391338348388672
0.00019407272338867188
0.0002009868621826172
0.0002200603485107422
0.00020194053649902344
0.00018596649169921875
0.00026297569274902344
0.00021004676818847656
0.00027680397033691406
0.0002448558807373047
0.00021696090698242188
0.0002040863037109375
0.00019097328186035156
0.0002079010009765625
0.00016570091247558594
0.0002079010009765625
0.0002110004425048828
0.0002410411834716797
0.00026607513427734375
0.00021886825561523438
0.00021409988403320312
0.0002532005310058594
0.00026106834411621094
0.00024390220642089844
0.00023293495178222656
0.0002620220184326172
0.0002238750457763672
0.00022792816162109375
0.00027179718017578125
0.0001900196075439453
0.000225067138671875
0.0002338886260986328
0.00026798248291015625
0.000244140625
0.00024080276489257812
0.00020003318786621094
0.00020813941955566406
0.00019478797912597656
0.00023293495178222656
0.0004661083221435547
0.0002732276916503906
0.000270843505859375
0.0002269744873046875
0.00028228759765625
0.00025582313537597656
0.00029921531677246094
0.0002837181091308594
0.00016188621520996094
0.00023508071899414062
0.0001888275146484375
0.00014281272888183594
0.0002989768981933594
0.00023698806762695312
0.0002598762512207031
0.00021219253540039062
0.0002551078796386719
0.00018095970153808594
0.00022912025451660156
0.00026702880859375
6.890296936035156e-05
0.0002129077911376953
0.00023317337036132812
0.00025200843811035156
0.0002510547637939453
0.00023603439331054688
0.00023603439331054688
0.0001919269561767578
0.00018715858459472656
0.0002429485321044922
0.000347137451171875
0.0002410411834716797
0.00018835067749023438
0.00023984909057617188
0.00021028518676757812
0.0001881122589111328
0.0002448558807373047
0.00024080276489257812
0.00021696090698242188
0.00020384788513183594
0.0002319812774658203
0.00020194053649902344
0.00022077560424804688
0.00020074844360351562
0.0002448558807373047
0.0002601146697998047
0.00024080276489257812
0.00019884109497070312
0.00017690658569335938
0.0001990795135498047
0.0002448558807373047
0.0002079010009765625
0.0002639293670654297
0.0002529621124267578
0.00018310546875
0.00023412704467773438
0.0002338886260986328
0.0002281665802001953
9.584426879882812e-05
0.00024008750915527344
0.0002510547637939453
0.0002491474151611328
0.0002758502960205078
0.0002701282501220703
0.00020885467529296875
0.0002923011779785156
0.00018715858459472656
0.00020599365234375
0.0001850128173828125
0.0002620220184326172
