None
0.0002868175506591797
0.0002808570861816406
0.0002300739288330078
0.0002541542053222656
0.00023174285888671875
0.0002799034118652344
7.82012939453125e-05
0.00030803680419921875
0.00027108192443847656
0.0002570152282714844
0.00021386146545410156
0.0002789497375488281
0.0002491474151611328
0.000247955322265625
0.0002455711364746094
0.0002627372741699219
0.00023412704467773438
0.0002319812774658203
0.0002269744873046875
0.0002789497375488281
0.00021314620971679688
0.0002651214599609375
0.0002238750457763672
0.0002951622009277344
8.0108642578125e-05
0.00025916099548339844
0.00019788742065429688
0.00012683868408203125
0.0002491474151611328
0.00025582313537597656
0.00024890899658203125
0.00026702880859375
0.0002560615539550781
0.00024819374084472656
0.0001957416534423828
0.00021982192993164062
0.000186920166015625
0.0002548694610595703
0.00020384788513183594
0.0002682209014892578
8.296966552734375e-05
0.0002732276916503906
0.0001919269561767578
0.0002193450927734375
0.0002460479736328125
0.00019693374633789062
0.0002779960632324219
0.00026297569274902344
0.00023317337036132812
0.00021076202392578125
0.0002617835998535156
0.0002548694610595703
0.00020694732666015625
0.0003790855407714844
0.00019693374633789062
0.00026679039001464844
0.0001857280731201172
0.00025391578674316406
0.00023484230041503906
0.00022292137145996094
0.00018906593322753906
0.0002727508544921875
0.0002129077911376953
0.00028014183044433594
0.0002040863037109375
0.0002219676971435547
0.00019788742065429688
0.00019502639770507812
0.00022125244140625
9.274482727050781e-05
0.00025081634521484375
8.273124694824219e-05
0.0002968311309814453
0.00015497207641601562
0.0001919269561767578
0.00014400482177734375
0.00016379356384277344
0.00021505355834960938
0.00022125244140625
0.00020313262939453125
0.00027298927307128906
0.00013685226440429688
0.00018596649169921875
0.000148773193359375
0.00028705596923828125
0.0002658367156982422
0.0002880096435546875
0.0002639293670654297
0.0003139972686767578
0.0002219676971435547
0.00021600723266601562
0.00026702880859375
0.00015807151794433594
0.0002079010009765625
0.000141143798828125
0.0002219676971435547
0.0002841949462890625
0.0002818107604980469
0.00020503997802734375
0.00026798248291015625
0.0002071857452392578
0.0002269744873046875
0.00026679039001464844
0.00018596649169921875
0.00026488304138183594
0.0002570152282714844
0.000247955322265625
0.00021314620971679688
0.00015687942504882812
0.00021386146545410156
0.0002658367156982422
0.00025200843811035156
0.00023508071899414062
0.00024771690368652344
0.00026798248291015625
0.00023484230041503906
0.00017571449279785156
0.00020503997802734375
0.00027108192443847656
0.0002799034118652344
0.00023603439331054688
0.0002429485321044922
0.0002589225769042969
0.0002181529998779297
0.00026679039001464844
0.000209808349609375
0.0002512931823730469
0.00021886825561523438
0.00023889541625976562
0.0002009868621826172
0.00020313262939453125
0.00028204917907714844
0.00015211105346679688
0.00020313262939453125
0.00025391578674316406
0.0002181529998779297
0.0002589225769042969
0.00020694732666015625
0.0002491474151611328
0.00024509429931640625
0.000244140625
0.0002288818359375
0.0002689361572265625
0.0002040863037109375
0.000225067138671875
0.00022721290588378906
0.00020194053649902344
0.00024318695068359375
0.0002090930938720703
0.00023889541625976562
0.0002949237823486328
0.0003781318664550781
7.987022399902344e-05
0.0002491474151611328
0.0001418590545654297
0.0002830028533935547
0.00024819374084472656
0.0002522468566894531
0.000125885009765625
0.00025391578674316406
0.00021600723266601562
0.00027108192443847656
0.00025200843811035156
0.0001399517059326172
0.00022292137145996094
0.0001678466796875
0.00013375282287597656
0.00026702880859375
0.0001709461212158203
0.00011897087097167969
9.322166442871094e-05
0.00027298927307128906
0.0002129077911376953
0.0002739429473876953
0.00026917457580566406
0.0001590251922607422
8.797645568847656e-05
0.00013113021850585938
0.00025081634521484375
0.0002732276916503906
0.00012111663818359375
0.00023603439331054688
0.00024199485778808594
0.0002720355987548828
0.00021719932556152344
0.0002701282501220703
0.00016498565673828125
0.0001499652862548828
0.0001327991485595703
0.00014710426330566406
0.00021505355834960938
0.0002281665802001953
0.00023674964904785156
0.00021982192993164062
0.0002193450927734375
0.0002880096435546875
0.00046515464782714844
0.0003020763397216797
0.00023293495178222656
0.0002448558807373047
0.00022077560424804688
0.00018286705017089844
0.00021028518676757812
0.0002770423889160156
0.00021505355834960938
6.508827209472656e-05
0.00024819374084472656
0.00028586387634277344
0.0002429485321044922
0.0002276897430419922
0.0002307891845703125
0.00032210350036621094
0.00024008750915527344
0.000247955322265625
0.00018787384033203125
0.0001919269561767578
0.0002548694610595703
0.00020313262939453125
0.00025582313537597656
0.0002238750457763672
0.00023889541625976562
0.0002009868621826172
0.000225067138671875
