None
0.0002789497375488281
0.0002601146697998047
0.0001900196075439453
0.0001621246337890625
0.0002319812774658203
0.00022602081298828125
0.0001380443572998047
0.00019669532775878906
0.00010013580322265625
0.0002231597900390625
0.0002448558807373047
0.00021910667419433594
0.0002009868621826172
0.00022983551025390625
0.0001971721649169922
0.0002689361572265625
0.0002148151397705078
0.00023889541625976562
0.00023102760314941406
0.00022602081298828125
0.0002486705780029297
0.00021505355834960938
0.0002372264862060547
0.0001900196075439453
0.00018262863159179688
0.00023889541625976562
0.00025010108947753906
0.00024890899658203125
0.00026488304138183594
0.0002372264862060547
0.0002512931823730469
0.00023174285888671875
0.00022792816162109375
0.0002079010009765625
0.00018310546875
0.0001628398895263672
0.0002200603485107422
0.00025391578674316406
0.0002560615539550781
0.00018978118896484375
0.00022602081298828125
0.00028896331787109375
0.0001850128173828125
0.00024390220642089844
0.00024509429931640625
0.00021886825561523438
0.0002701282501220703
0.00021076202392578125
0.00023293495178222656
0.0002551078796386719
0.00018215179443359375
0.00013899803161621094
0.00023603439331054688
0.0002307891845703125
0.00023293495178222656
0.00023293495178222656
0.0002551078796386719
0.00021505355834960938
0.00023102760314941406
0.0002429485321044922
0.00022912025451660156
0.00020623207092285156
0.00023293495178222656
0.0002391338348388672
0.00015997886657714844
0.00022602081298828125
0.0002989768981933594
0.0001952648162841797
0.00022602081298828125
0.00023484230041503906
0.00023031234741210938
0.0002460479736328125
0.00020003318786621094
0.00024080276489257812
0.0002288818359375
0.0002028942108154297
0.00019311904907226562
0.00018835067749023438
0.0002570152282714844
0.0002410411834716797
0.000247955322265625
0.00017786026000976562
0.00021886825561523438
0.0001881122589111328
0.00018310546875
0.0002448558807373047
0.00025916099548339844
0.00023293495178222656
0.00023818016052246094
0.00020933151245117188
0.0001220703125
0.00023984909057617188
0.0002701282501220703
0.00015115737915039062
0.00018715858459472656
0.0002570152282714844
0.00026798248291015625
0.00019502639770507812
0.00023818016052246094
0.00026798248291015625
0.0002288818359375
0.00025177001953125
0.00024819374084472656
0.0002541542053222656
0.00024890899658203125
0.00018906593322753906
8.702278137207031e-05
0.00018095970153808594
0.00023698806762695312
0.00023221969604492188
0.00022912025451660156
0.00018215179443359375
0.00021910667419433594
0.0002338886260986328
0.0002129077911376953
0.0001919269561767578
0.00025081634521484375
0.0002529621124267578
9.012222290039062e-05
0.0002071857452392578
0.00021409988403320312
0.0002682209014892578
0.0002560615539550781
0.0002257823944091797
0.00021076202392578125
0.000244140625
0.00019693374633789062
0.0002300739288330078
0.00024008750915527344
0.00022983551025390625
0.0002467632293701172
0.00014901161193847656
0.00022101402282714844
0.0002491474151611328
0.0002512931823730469
0.00024819374084472656
0.0001747608184814453
0.0002543926239013672
0.00019788742065429688
0.00023508071899414062
0.0002410411834716797
0.00020313262939453125
0.00023698806762695312
0.00022602081298828125
0.0001761913299560547
0.00021982192993164062
0.00020503997802734375
0.00021004676818847656
0.0002300739288330078
0.0002219676971435547
0.00023293495178222656
0.0002269744873046875
0.00023317337036132812
0.0002334117889404297
0.00020194053649902344
0.00023984909057617188
0.00025081634521484375
0.00023794174194335938
0.00024437904357910156
0.0002219676971435547
0.0001289844512939453
0.0001857280731201172
0.00024008750915527344
0.0002689361572265625
0.00016999244689941406
0.00025272369384765625
0.00018095970153808594
0.0001430511474609375
0.00023794174194335938
0.00019502639770507812
0.00023603439331054688
0.00025916099548339844
0.00024080276489257812
0.00020503997802734375
0.00021505355834960938
0.00023031234741210938
0.00023102760314941406
0.000225067138671875
0.00018405914306640625
0.0002391338348388672
0.00017189979553222656
0.00018978118896484375
0.00023794174194335938
0.0002079010009765625
0.0002307891845703125
0.00022292137145996094
0.00012111663818359375
0.0002129077911376953
0.00022673606872558594
0.00022602081298828125
0.00023818016052246094
0.0002448558807373047
0.0002181529998779297
0.00019884109497070312
0.00021886825561523438
0.000179290771484375
0.00021696090698242188
0.0001761913299560547
0.00020503997802734375
0.00018095970153808594
0.0002841949462890625
0.00022673606872558594
0.0002009868621826172
0.0002541542053222656
0.00025200843811035156
0.0001461505889892578
