None
0.00023818016052246094
0.00020813941955566406
0.0002818107604980469
0.00017881393432617188
0.00010704994201660156
0.00026798248291015625
0.0002760887145996094
0.0002570152282714844
0.0003120899200439453
0.00017523765563964844
0.0002009868621826172
0.00037384033203125
0.00041031837463378906
0.00021910667419433594
0.0002579689025878906
0.00025916099548339844
0.00023603439331054688
0.00021386146545410156
0.00029277801513671875
0.0002288818359375
0.00024771690368652344
0.00029015541076660156
0.00036787986755371094
0.00028014183044433594
0.0002810955047607422
0.00026798248291015625
0.0001621246337890625
0.0002491474151611328
0.0002808570861816406
0.0002512931823730469
0.00027298927307128906
0.0002319812774658203
0.0002570152282714844
0.00026488304138183594
0.0002300739288330078
0.0001938343048095703
0.00023603439331054688
0.00022292137145996094
0.00033020973205566406
0.00022912025451660156
0.0002219676971435547
0.0002009868621826172
0.00027489662170410156
0.0002841949462890625
0.0001308917999267578
0.0001881122589111328
0.00026106834411621094
0.0002589225769042969
0.0002582073211669922
7.677078247070312e-05
0.00023603439331054688
0.00022912025451660156
0.0002570152282714844
0.0002460479736328125
0.0002598762512207031
0.00026702880859375
0.00026488304138183594
0.000186920166015625
0.00026607513427734375
0.00021004676818847656
0.0002162456512451172
0.00028586387634277344
0.0002570152282714844
0.0002071857452392578
0.0002269744873046875
0.0002720355987548828
0.0002460479736328125
0.00020885467529296875
0.00036907196044921875
0.0002620220184326172
0.0002732276916503906
0.00023102760314941406
7.915496826171875e-05
0.0002627372741699219
0.0002110004425048828
0.0002110004425048828
0.0002658367156982422
0.00025391578674316406
0.00028014183044433594
0.000225067138671875
0.00025773048400878906
0.0002639293670654297
0.0002579689025878906
0.0002372264862060547
0.00020599365234375
0.00023794174194335938
0.0002620220184326172
0.0002532005310058594
0.0002779960632324219
0.000293731689453125
0.00028586387634277344
0.00023794174194335938
0.0002570152282714844
0.0002739429473876953
0.00011587142944335938
0.00025081634521484375
0.00026798248291015625
0.00023126602172851562
0.0002181529998779297
0.00021028518676757812
0.00025081634521484375
0.00013685226440429688
0.00026226043701171875
0.00026106834411621094
0.00026607513427734375
0.00029206275939941406
0.0002467632293701172
0.0002429485321044922
0.0002770423889160156
0.00021791458129882812
0.00024175643920898438
0.00018095970153808594
0.0002377033233642578
0.00022101402282714844
0.00028395652770996094
0.00024127960205078125
0.00019693374633789062
0.00015473365783691406
0.00014400482177734375
0.00042700767517089844
0.0002830028533935547
0.00024819374084472656
0.0002779960632324219
0.00018310546875
0.0002009868621826172
0.0002448558807373047
0.00019979476928710938
0.00033402442932128906
0.00023984909057617188
0.0002830028533935547
0.0002319812774658203
0.0002696514129638672
0.00025391578674316406
0.00019502639770507812
0.0002689361572265625
0.0002570152282714844
0.00022602081298828125
0.0002760887145996094
0.00021600723266601562
0.0002617835998535156
0.00011539459228515625
0.0002307891845703125
0.00023508071899414062
0.0002338886260986328
0.0002560615539550781
0.00021576881408691406
0.0002300739288330078
0.0002779960632324219
0.00024509429931640625
0.00020933151245117188
0.00026106834411621094
0.0002219676971435547
0.00022602081298828125
0.00025916099548339844
0.00026488304138183594
0.0002269744873046875
0.0002722740173339844
0.0002741813659667969
0.0002651214599609375
0.0002357959747314453
0.0002651214599609375
0.000286102294921875
0.0002589225769042969
7.605552673339844e-05
0.00019216537475585938
0.00023889541625976562
0.00024199485778808594
0.00017905235290527344
0.00023293495178222656
0.0002818107604980469
0.00022983551025390625
0.0002949237823486328
0.00023412704467773438
0.00021314620971679688
0.00026702880859375
0.00032210350036621094
0.0001990795135498047
0.0002701282501220703
0.0002570152282714844
0.0002589225769042969
0.0001888275146484375
0.00021409988403320312
0.00028395652770996094
0.0002830028533935547
0.00023031234741210938
0.00024700164794921875
0.00026607513427734375
0.00022912025451660156
0.0002849102020263672
0.00020885467529296875
0.0002601146697998047
0.0002472400665283203
0.0001747608184814453
0.0002422332763671875
0.00024390220642089844
0.00023794174194335938
0.00026988983154296875
0.00018310546875
0.00026702880859375
0.00021314620971679688
0.00021004676818847656
0.00012111663818359375
0.0002548694610595703
0.00013494491577148438
0.0002808570861816406
0.0002951622009277344
0.0002460479736328125
0.0002579689025878906
0.0001010894775390625
0.0002560615539550781
0.00024700164794921875
0.0002522468566894531
0.00025177001953125
0.0002410411834716797
0.0002770423889160156
0.0002789497375488281
0.0002689361572265625
0.0002758502960205078
0.0002129077911376953
0.00024819374084472656
0.0002739429473876953
