None
0.00022602081298828125
0.00022602081298828125
0.0002551078796386719
0.0002579689025878906
0.0001957416534423828
0.0002276897430419922
0.0002300739288330078
0.00022602081298828125
0.00024199485778808594
0.0002269744873046875
0.000213623046875
0.0002307891845703125
0.0003020763397216797
0.00023674964904785156
0.0002753734588623047
0.0002601146697998047
0.0001583099365234375
0.0002818107604980469
0.0001819133758544922
0.0001900196075439453
0.0001220703125
0.0002608299255371094
0.0002510547637939453
0.00017023086547851562
0.00024008750915527344
0.00021910667419433594
0.00023889541625976562
0.0001919269561767578
0.00022411346435546875
0.0002551078796386719
0.00021123886108398438
0.0002281665802001953
0.00023221969604492188
0.00019598007202148438
0.00024390220642089844
0.00025081634521484375
0.00020503997802734375
0.00010013580322265625
0.00023603439331054688
0.0002532005310058594
0.00018286705017089844
0.00023293495178222656
0.00023126602172851562
0.00015306472778320312
0.00024199485778808594
0.0002460479736328125
0.00023603439331054688
0.00024437904357910156
0.00022292137145996094
0.00026297569274902344
6.985664367675781e-05
0.0002219676971435547
0.00020384788513183594
0.00023818016052246094
0.00024390220642089844
0.0002238750457763672
0.00022482872009277344
0.0002701282501220703
0.00023984909057617188
0.0002772808074951172
0.00019884109497070312
0.00016617774963378906
0.0002009868621826172
0.00017786026000976562
0.0001690387725830078
0.0002579689025878906
0.0002281665802001953
0.00021696090698242188
0.000244140625
0.00023508071899414062
0.00021910667419433594
0.0002377033233642578
0.0002644062042236328
0.0002200603485107422
0.00019407272338867188
0.00020384788513183594
0.0002110004425048828
0.00026297569274902344
0.0001850128173828125
0.00023031234741210938
0.00017118453979492188
0.00024509429931640625
0.00023984909057617188
0.00013685226440429688
0.00024509429931640625
0.0002532005310058594
0.00021028518676757812
0.0001971721649169922
0.000164031982421875
0.0002357959747314453
0.0001628398895263672
0.0002281665802001953
0.00025200843811035156
0.00022983551025390625
0.00026297569274902344
0.00020313262939453125
0.0002200603485107422
0.00025081634521484375
0.00023603439331054688
0.00024700164794921875
0.00019407272338867188
0.0002281665802001953
0.00020694732666015625
0.00021505355834960938
0.00026106834411621094
0.00025010108947753906
0.00023293495178222656
0.0002498626708984375
0.00023031234741210938
0.0002617835998535156
0.00017571449279785156
0.00011610984802246094
0.0001373291015625
0.00024890899658203125
0.00020194053649902344
0.00020599365234375
0.0002739429473876953
0.0001590251922607422
0.00023317337036132812
0.00022292137145996094
0.00023102760314941406
0.00020813941955566406
0.00023603439331054688
0.0002338886260986328
8.416175842285156e-05
0.0002338886260986328
0.00025200843811035156
0.0001690387725830078
0.00020813941955566406
0.0001971721649169922
0.00018787384033203125
0.0002231597900390625
0.00019598007202148438
0.0002269744873046875
0.0002307891845703125
0.000244140625
0.00023102760314941406
0.00015592575073242188
0.00023484230041503906
0.0002448558807373047
0.00022292137145996094
0.00024509429931640625
0.0002620220184326172
0.00022101402282714844
0.00019598007202148438
0.0002772808074951172
0.00022411346435546875
0.0001850128173828125
0.0002372264862060547
0.00022411346435546875
0.0002338886260986328
0.00023698806762695312
0.00023031234741210938
0.00019407272338867188
0.00018906593322753906
0.00023412704467773438
0.0002269744873046875
0.0002219676971435547
0.00027108192443847656
0.00022792816162109375
0.0002810955047607422
0.00024318695068359375
0.00026226043701171875
0.0002639293670654297
0.0002269744873046875
0.000225067138671875
0.00023317337036132812
0.000247955322265625
0.0002560615539550781
0.00023794174194335938
0.0002257823944091797
0.0002262592315673828
0.000244140625
0.00023698806762695312
0.00011706352233886719
0.00021719932556152344
0.00016808509826660156
0.0003211498260498047
0.00025081634521484375
0.0002529621124267578
0.00028705596923828125
0.00020599365234375
0.0002551078796386719
0.00025391578674316406
0.0001609325408935547
9.322166442871094e-05
0.0002598762512207031
0.00022602081298828125
0.00025391578674316406
0.00018310546875
0.00024700164794921875
0.0002529621124267578
0.00024008750915527344
0.00026106834411621094
0.0002460479736328125
0.000225067138671875
0.0002090930938720703
0.00023293495178222656
7.295608520507812e-05
0.00010824203491210938
0.0002510547637939453
0.00023818016052246094
0.00023412704467773438
0.0002589225769042969
0.0001437664031982422
0.00015997886657714844
0.0001468658447265625
0.0002040863037109375
0.0002391338348388672
0.00018978118896484375
0.0002300739288330078
0.00018310546875
0.00023698806762695312
0.00023818016052246094
