None
0.00025200843811035156
0.0002601146697998047
0.00023603439331054688
0.00024318695068359375
0.00014066696166992188
0.00023508071899414062
0.00023984909057617188
0.00018596649169921875
0.00022983551025390625
0.00019598007202148438
8.106231689453125e-05
0.0002720355987548828
0.00023674964904785156
0.0001990795135498047
0.00019884109497070312
0.0002391338348388672
0.0002841949462890625
0.0001850128173828125
0.00021386146545410156
0.00025081634521484375
0.00019502639770507812
0.00022792816162109375
0.0002429485321044922
0.0002601146697998047
0.00019812583923339844
0.00019598007202148438
0.00017595291137695312
0.00023031234741210938
0.00024890899658203125
0.00023698806762695312
0.00025916099548339844
0.0004432201385498047
0.00023865699768066406
0.0002193450927734375
0.0002460479736328125
0.00015401840209960938
0.00024890899658203125
0.00023794174194335938
0.0002460479736328125
0.0002262592315673828
0.0002269744873046875
0.00023818016052246094
0.00023603439331054688
0.0001690387725830078
0.00012183189392089844
0.0002522468566894531
0.0002071857452392578
0.00014090538024902344
7.414817810058594e-05
0.0002532005310058594
0.0002460479736328125
0.00023174285888671875
0.00020003318786621094
0.00023698806762695312
0.00019097328186035156
0.00024390220642089844
0.00022983551025390625
0.00021600723266601562
0.0002570152282714844
0.00025010108947753906
0.0002319812774658203
0.0002219676971435547
0.00024008750915527344
0.0002040863037109375
0.00022292137145996094
0.0002231597900390625
0.00023508071899414062
0.00010704994201660156
0.00023984909057617188
0.00023603439331054688
0.00018906593322753906
0.0002460479736328125
0.0002009868621826172
0.00019478797912597656
0.0002307891845703125
0.0002460479736328125
0.00026488304138183594
0.00022101402282714844
0.00019598007202148438
0.0002598762512207031
0.0001609325408935547
8.988380432128906e-05
8.678436279296875e-05
0.0002617835998535156
0.00023221969604492188
0.00022101402282714844
0.0002799034118652344
0.00023317337036132812
0.00018930435180664062
0.0002040863037109375
0.00022912025451660156
0.00020575523376464844
0.00020813941955566406
0.0002608299255371094
0.00018286705017089844
0.00023031234741210938
0.00021028518676757812
0.0001552104949951172
0.00021386146545410156
0.00022292137145996094
0.0001857280731201172
0.00024509429931640625
0.000270843505859375
0.0002548694610595703
0.00023794174194335938
0.00023293495178222656
0.00023221969604492188
0.0001938343048095703
0.00024199485778808594
0.0002090930938720703
0.00020003318786621094
0.00024080276489257812
0.00023865699768066406
0.0002181529998779297
0.00011491775512695312
0.00018906593322753906
0.0001399517059326172
0.0002338886260986328
0.0002090930938720703
0.0001347064971923828
0.00021791458129882812
0.00024890899658203125
0.00027179718017578125
0.0002307891845703125
0.0002586841583251953
0.00023794174194335938
0.00024008750915527344
0.00023508071899414062
0.0002548694610595703
0.0002071857452392578
0.0002560615539550781
0.00019407272338867188
0.00022983551025390625
0.0001800060272216797
0.000202178955078125
0.0001838207244873047
0.0002560615539550781
0.00023412704467773438
0.00022602081298828125
0.0002391338348388672
0.00015997886657714844
0.00026988983154296875
0.0002601146697998047
0.00021386146545410156
0.0002551078796386719
0.0002849102020263672
0.00023698806762695312
0.00022602081298828125
0.00025177001953125
0.0002923011779785156
0.0002410411834716797
0.00018405914306640625
7.176399230957031e-05
0.00015687942504882812
0.00020003318786621094
0.00012302398681640625
0.00023698806762695312
0.00023603439331054688
0.00019097328186035156
0.0002357959747314453
0.0001838207244873047
0.00023508071899414062
0.0002288818359375
0.00020885467529296875
0.00026297569274902344
0.0002357959747314453
0.0002567768096923828
0.0002300739288330078
0.00023889541625976562
0.0002911090850830078
0.000247955322265625
0.00021600723266601562
0.00023984909057617188
0.0001800060272216797
0.0002758502960205078
0.00024175643920898438
0.00023794174194335938
0.00023317337036132812
0.0002460479736328125
0.0001850128173828125
0.00025177001953125
0.0001881122589111328
0.0002338886260986328
0.0002300739288330078
0.00025200843811035156
0.00022292137145996094
0.00022125244140625
0.000202178955078125
0.00024390220642089844
0.00023674964904785156
9.799003601074219e-05
0.0002510547637939453
0.00021195411682128906
0.00019812583923339844
0.000164031982421875
8.702278137207031e-05
0.00013208389282226562
0.000247955322265625
0.0002410411834716797
0.00022792816162109375
0.00017881393432617188
0.00017833709716796875
0.0002238750457763672
0.00028324127197265625
0.00021386146545410156
0.00023698806762695312
0.0001900196075439453
0.0002319812774658203
0.00022673606872558594
0.00021028518676757812
0.00020885467529296875
0.00022792816162109375
0.0001850128173828125
0.00036025047302246094
0.0002238750457763672
0.0002009868621826172
0.00024700164794921875
0.00024390220642089844
0.00022912025451660156
0.00024700164794921875
