None
0.00014019012451171875
0.0001380443572998047
0.0001621246337890625
0.00026702880859375
0.0001780986785888672
0.00025177001953125
7.796287536621094e-05
0.00028014183044433594
0.00013709068298339844
0.00011205673217773438
0.0002799034118652344
0.0002541542053222656
0.00016689300537109375
0.0002491474151611328
0.0002770423889160156
0.00024390220642089844
0.00017905235290527344
9.489059448242188e-05
7.081031799316406e-05
9.393692016601562e-05
7.390975952148438e-05
0.00018215179443359375
0.00024318695068359375
0.00030112266540527344
0.00021600723266601562
0.0002758502960205078
6.699562072753906e-05
0.00010800361633300781
0.0002560615539550781
0.00028586387634277344
0.0002818107604980469
0.00012540817260742188
0.00026416778564453125
0.0002789497375488281
0.00030303001403808594
0.00027489662170410156
0.0002570152282714844
0.00027179718017578125
0.00023293495178222656
0.00029087066650390625
0.0002601146697998047
0.00010204315185546875
0.00027489662170410156
0.00024199485778808594
0.00023984909057617188
0.0002701282501220703
0.00027489662170410156
0.00010919570922851562
0.000286102294921875
0.00022292137145996094
0.000370025634765625
0.00033211708068847656
0.00026226043701171875
0.0002391338348388672
0.00023317337036132812
0.00025582313537597656
0.0001430511474609375
0.0002288818359375
0.00030112266540527344
0.00028705596923828125
0.00028014183044433594
0.00013494491577148438
0.0002288818359375
0.0002613067626953125
0.0002779960632324219
0.00023317337036132812
0.0002579689025878906
0.00019407272338867188
0.0002722740173339844
0.00026607513427734375
0.00019884109497070312
0.00026488304138183594
0.0001919269561767578
0.00032591819763183594
9.703636169433594e-05
0.00025272369384765625
6.29425048828125e-05
0.00024890899658203125
0.00026798248291015625
0.0002257823944091797
0.000286102294921875
0.00029206275939941406
0.00033020973205566406
0.0002779960632324219
0.0002269744873046875
0.00028586387634277344
0.0001900196075439453
0.000286102294921875
0.0002789497375488281
0.00025200843811035156
0.00022125244140625
0.00022459030151367188
0.0001850128173828125
0.00024127960205078125
6.985664367675781e-05
0.0002770423889160156
0.0002732276916503906
0.0002651214599609375
0.0002570152282714844
0.00028967857360839844
0.0002522468566894531
0.0002129077911376953
0.0002689361572265625
0.0002677440643310547
0.00028705596923828125
0.00026106834411621094
0.00021505355834960938
0.0002758502960205078
0.00023293495178222656
0.0003046989440917969
0.00027298927307128906
0.0002722740173339844
0.0002181529998779297
0.00028514862060546875
0.0001926422119140625
0.000247955322265625
0.0002942085266113281
0.00023603439331054688
0.00018310546875
0.00021719932556152344
0.0002932548522949219
0.00021982192993164062
0.0002758502960205078
0.0003178119659423828
0.00025200843811035156
0.00027108192443847656
0.0002760887145996094
0.0002639293670654297
0.0002989768981933594
0.00023102760314941406
0.0002932548522949219
0.00023508071899414062
0.0002579689025878906
0.0001399517059326172
0.00025272369384765625
0.0002181529998779297
0.00020003318786621094
0.00027298927307128906
0.00026488304138183594
0.0003421306610107422
0.00032210350036621094
0.0002338886260986328
0.00027489662170410156
0.0002560615539550781
0.0002722740173339844
0.00020599365234375
0.0002598762512207031
0.00023293495178222656
0.0002918243408203125
0.0003199577331542969
0.0002560615539550781
6.890296936035156e-05
0.0002639293670654297
0.00026988983154296875
0.0002560615539550781
0.00030517578125
0.0002071857452392578
0.0002830028533935547
0.0002028942108154297
0.00014591217041015625
0.0002219676971435547
0.00026798248291015625
0.00029206275939941406
0.00026488304138183594
0.00027489662170410156
0.0002906322479248047
0.00021576881408691406
0.000270843505859375
0.0002758502960205078
0.00026488304138183594
0.00022220611572265625
0.00021719932556152344
0.00017309188842773438
0.0002448558807373047
0.00027489662170410156
0.00027489662170410156
0.0002770423889160156
0.00030303001403808594
0.0002739429473876953
0.0003330707550048828
0.0004169940948486328
0.0002727508544921875
0.0002892017364501953
0.00020384788513183594
0.00028586387634277344
0.0002238750457763672
0.0002491474151611328
0.00018095970153808594
0.00022983551025390625
0.00017404556274414062
0.00027108192443847656
0.00022411346435546875
0.000247955322265625
0.00026297569274902344
0.0002219676971435547
0.0002689361572265625
0.00023293495178222656
0.00027108192443847656
0.00024700164794921875
0.00030803680419921875
0.0002510547637939453
0.0002498626708984375
0.0002999305725097656
0.0002970695495605469
0.0002338886260986328
0.0003161430358886719
0.00023317337036132812
8.797645568847656e-05
0.00025272369384765625
0.0002567768096923828
0.00027680397033691406
0.00023221969604492188
0.00027489662170410156
0.0002570152282714844
0.0003440380096435547
0.0003209114074707031
0.0003681182861328125
0.0002760887145996094
0.0002257823944091797
0.0002238750457763672
0.00028395652770996094
0.0003330707550048828
0.0002779960632324219
0.000244140625
0.0002722740173339844
0.00019693374633789062
0.00027179718017578125
0.00026607513427734375
0.0002930164337158203
0.00022602081298828125
0.00017309188842773438
0.0002181529998779297
0.00032401084899902344
0.0002980232238769531
0.00021409988403320312
0.0003120899200439453
0.00024700164794921875
0.00028586387634277344
0.0002486705780029297
0.00032782554626464844
0.00021886825561523438
0.00026607513427734375
