None
0.00024199485778808594
0.00019693374633789062
0.00026297569274902344
0.0002129077911376953
0.0002422332763671875
0.00019788742065429688
0.00023603439331054688
0.0002346038818359375
0.00023603439331054688
0.00020694732666015625
0.00022792816162109375
0.0002338886260986328
0.0002460479736328125
0.00026488304138183594
0.00023293495178222656
0.00025391578674316406
0.0002548694610595703
0.0002300739288330078
0.0002548694610595703
0.00022673606872558594
0.00020694732666015625
0.00023484230041503906
0.00025177001953125
0.00023984909057617188
0.0002579689025878906
0.00019693374633789062
7.224082946777344e-05
0.00025081634521484375
0.0001800060272216797
0.000125885009765625
0.00019097328186035156
0.00019788742065429688
0.0002491474151611328
0.000247955322265625
0.0002009868621826172
0.00028586387634277344
0.00024008750915527344
0.0002620220184326172
0.00022411346435546875
0.0002448558807373047
0.0002651214599609375
0.00021910667419433594
9.870529174804688e-05
0.00022411346435546875
0.0002181529998779297
0.00021028518676757812
0.00021409988403320312
0.0002410411834716797
0.0002429485321044922
0.00021719932556152344
0.0002453327178955078
0.0002701282501220703
0.000225067138671875
0.00023293495178222656
0.00019407272338867188
0.00019693374633789062
0.00026416778564453125
0.00023818016052246094
9.226799011230469e-05
0.00020599365234375
0.00022912025451660156
0.0002529621124267578
0.0002307891845703125
0.00019216537475585938
0.00015592575073242188
0.00017189979553222656
0.0002219676971435547
0.00022602081298828125
0.00026798248291015625
0.0002639293670654297
0.000247955322265625
0.00025081634521484375
0.0001819133758544922
0.00025010108947753906
0.00020813941955566406
0.00023102760314941406
0.000247955322265625
0.00018715858459472656
0.0002613067626953125
0.00022101402282714844
0.00018906593322753906
0.0002460479736328125
0.0002391338348388672
0.000247955322265625
0.00019598007202148438
0.0002579689025878906
0.00024390220642089844
0.0002791881561279297
0.00024199485778808594
0.00032019615173339844
0.000244140625
0.0002701282501220703
0.0002608299255371094
0.000308990478515625
0.0003399848937988281
0.000102996826171875
0.00023889541625976562
0.0002579689025878906
0.00025010108947753906
0.00011920928955078125
0.000244140625
0.00013589859008789062
0.0002110004425048828
0.00023603439331054688
0.00022721290588378906
0.00023102760314941406
0.0002067089080810547
0.000209808349609375
0.0002391338348388672
0.0002498626708984375
0.0002071857452392578
0.00021696090698242188
0.0002391338348388672
0.00019598007202148438
0.00022983551025390625
0.00019407272338867188
0.00023603439331054688
0.0001690387725830078
0.00022602081298828125
0.00025391578674316406
0.0002760887145996094
0.0001590251922607422
0.00024080276489257812
0.0001850128173828125
0.000247955322265625
0.00018477439880371094
0.0002346038818359375
0.00026297569274902344
0.00024008750915527344
0.00025081634521484375
0.00021409988403320312
8.511543273925781e-05
0.0002307891845703125
0.0003001689910888672
0.00024080276489257812
0.0001609325408935547
0.00015115737915039062
0.00024390220642089844
0.0002582073211669922
0.00024318695068359375
0.00021982192993164062
0.0002589225769042969
0.0002727508544921875
0.00026917457580566406
0.00026488304138183594
0.00023889541625976562
0.00024080276489257812
0.00024199485778808594
0.0002040863037109375
0.00027298927307128906
0.00021576881408691406
0.00022983551025390625
0.0002410411834716797
0.00019097328186035156
0.0002760887145996094
0.0003819465637207031
0.0001761913299560547
0.00021767616271972656
0.0002372264862060547
0.00022411346435546875
0.00019502639770507812
0.0002281665802001953
0.00025272369384765625
0.00020194053649902344
0.0002582073211669922
0.0001971721649169922
0.00023508071899414062
0.0002079010009765625
9.012222290039062e-05
0.00024318695068359375
0.00024080276489257812
0.00023293495178222656
0.0001881122589111328
0.0001957416534423828
0.00023293495178222656
0.0002110004425048828
0.00017690658569335938
0.00018596649169921875
0.0001678466796875
0.00023698806762695312
0.00018596649169921875
0.00027489662170410156
0.00025010108947753906
0.00023698806762695312
0.0002529621124267578
0.00022172927856445312
0.00023508071899414062
0.00022482872009277344
0.00022411346435546875
0.00023293495178222656
0.00023984909057617188
0.0002391338348388672
0.0002510547637939453
0.000244140625
0.00021386146545410156
0.0002620220184326172
0.00016999244689941406
0.0002460479736328125
0.0002579689025878906
0.00023984909057617188
0.00023984909057617188
0.0002810955047607422
0.0002491474151611328
0.00021982192993164062
0.0002429485321044922
0.00028395652770996094
0.00025010108947753906
0.000263214111328125
0.0002498626708984375
