None
0.00021505355834960938
0.00034308433532714844
0.00022602081298828125
0.00024318695068359375
0.00017523765563964844
0.00018787384033203125
0.00018787384033203125
0.0002570152282714844
0.0002980232238769531
0.00023603439331054688
0.000270843505859375
0.00011992454528808594
0.00023412704467773438
0.0002391338348388672
0.00023889541625976562
0.00023794174194335938
0.00023293495178222656
5.793571472167969e-05
0.00021028518676757812
0.00019502639770507812
0.00020694732666015625
0.00025010108947753906
0.00021409988403320312
0.00023603439331054688
0.000263214111328125
0.00034880638122558594
0.0002448558807373047
0.0002067089080810547
0.00018668174743652344
0.0002319812774658203
0.0001239776611328125
0.00023794174194335938
0.0001609325408935547
0.0002372264862060547
0.00020074844360351562
0.00017905235290527344
0.00022411346435546875
0.0001990795135498047
0.00023984909057617188
0.00023126602172851562
0.00022912025451660156
0.00024199485778808594
0.00019598007202148438
0.0002219676971435547
0.0002079010009765625
0.00022292137145996094
0.0002529621124267578
0.00024437904357910156
0.00022792816162109375
0.0002307891845703125
0.00022912025451660156
0.00022482872009277344
0.00024509429931640625
0.00024509429931640625
0.00023603439331054688
0.00025177001953125
0.0002129077911376953
0.0001800060272216797
0.0002269744873046875
0.00021386146545410156
0.000247955322265625
0.00022721290588378906
0.000247955322265625
0.000244140625
0.0002040863037109375
0.0002200603485107422
0.0002410411834716797
0.00023984909057617188
0.00019097328186035156
0.0002541542053222656
0.00024890899658203125
0.00023889541625976562
0.00020885467529296875
0.00025177001953125
0.0002219676971435547
0.00024700164794921875
0.0002238750457763672
0.00028228759765625
0.00017499923706054688
0.0002269744873046875
0.0002560615539550781
0.00023794174194335938
0.0001678466796875
0.0002658367156982422
0.00023794174194335938
0.00023484230041503906
0.0002193450927734375
0.00022792816162109375
0.00024700164794921875
0.00021505355834960938
0.0002491474151611328
0.00016999244689941406
0.0001761913299560547
0.00023126602172851562
0.0002079010009765625
0.0002040863037109375
0.0002560615539550781
0.00021505355834960938
0.0002110004425048828
0.00029206275939941406
0.00024390220642089844
0.00023603439331054688
0.0002410411834716797
0.00019621849060058594
7.891654968261719e-05
0.00021719932556152344
0.00025391578674316406
0.00023102760314941406
0.00025200843811035156
0.0002281665802001953
0.00023317337036132812
0.00021696090698242188
0.00016999244689941406
0.00022792816162109375
0.00020599365234375
0.00023102760314941406
0.00023484230041503906
8.988380432128906e-05
0.0002601146697998047
0.00019407272338867188
0.0002429485321044922
0.0002338886260986328
0.00025916099548339844
0.0002727508544921875
0.00021910667419433594
0.00024175643920898438
0.00024819374084472656
0.00025010108947753906
0.00022101402282714844
0.00021982192993164062
0.00024127960205078125
0.00023603439331054688
0.00015997886657714844
0.0002491474151611328
0.00023508071899414062
0.00025010108947753906
0.000270843505859375
0.00023865699768066406
0.000247955322265625
0.00024199485778808594
0.00022292137145996094
0.0002486705780029297
0.0001888275146484375
0.00024175643920898438
0.0002570152282714844
0.00026798248291015625
0.00024390220642089844
0.0003037452697753906
0.00024175643920898438
0.00024390220642089844
0.00024318695068359375
0.00023221969604492188
0.0002269744873046875
0.0002048015594482422
0.00022101402282714844
0.00023412704467773438
0.00019693374633789062
0.0002257823944091797
0.0001819133758544922
0.0001590251922607422
0.0002269744873046875
0.00025391578674316406
0.00020503997802734375
0.0001850128173828125
0.00024819374084472656
0.00010704994201660156
0.0002491474151611328
0.00021719932556152344
0.00029206275939941406
0.00023412704467773438
0.0002410411834716797
0.0002219676971435547
0.00016307830810546875
0.00023102760314941406
0.0002601146697998047
0.00023412704467773438
0.0002281665802001953
0.00020003318786621094
0.00022101402282714844
0.000270843505859375
0.0002570152282714844
0.0002040863037109375
0.00025177001953125
0.0002338886260986328
0.0002129077911376953
0.00019884109497070312
0.00025010108947753906
0.00027108192443847656
0.0002422332763671875
0.00020313262939453125
0.00023818016052246094
0.0001010894775390625
0.0002601146697998047
0.00022983551025390625
0.00023603439331054688
0.00020885467529296875
0.0002429485321044922
0.00022602081298828125
0.0002779960632324219
0.0002009868621826172
0.0002377033233642578
0.0001919269561767578
0.0002300739288330078
0.00024199485778808594
8.177757263183594e-05
0.00019311904907226562
0.00017523765563964844
0.0001857280731201172
0.0002429485321044922
0.0002281665802001953
0.00023412704467773438
0.000244140625
0.0002009868621826172
0.00024199485778808594
0.00019979476928710938
0.00022983551025390625
0.0002460479736328125
