None
0.00026607513427734375
0.00028014183044433594
0.00016880035400390625
0.00026702880859375
0.00027298927307128906
0.00025916099548339844
0.0002498626708984375
0.00027179718017578125
0.0002491474151611328
0.00023984909057617188
0.00023984909057617188
0.00022912025451660156
0.00015592575073242188
0.0002548694610595703
0.00022482872009277344
0.00018405914306640625
0.00026798248291015625
0.0002720355987548828
0.00023818016052246094
0.0002460479736328125
0.00025391578674316406
0.0002980232238769531
0.00020194053649902344
0.0002639293670654297
0.00013303756713867188
0.00021696090698242188
0.00024700164794921875
0.00026702880859375
0.000125885009765625
0.00024008750915527344
0.00026607513427734375
0.00023603439331054688
0.0002548694610595703
0.0002608299255371094
0.00014901161193847656
0.00024390220642089844
0.00023293495178222656
0.0002548694610595703
0.0002281665802001953
0.00031304359436035156
0.00026488304138183594
0.0002963542938232422
0.000263214111328125
0.0002760887145996094
0.00021576881408691406
0.00024509429931640625
0.0002799034118652344
0.00016689300537109375
0.0002319812774658203
0.00019407272338867188
0.00023818016052246094
0.00025916099548339844
0.00024199485778808594
0.00026702880859375
0.0002238750457763672
0.00027179718017578125
0.00023674964904785156
0.00021505355834960938
0.0002598762512207031
0.00020933151245117188
0.0002560615539550781
0.00027108192443847656
0.00023698806762695312
0.00025272369384765625
0.00024509429931640625
0.00024008750915527344
0.0002608299255371094
0.0002460479736328125
0.0002040863037109375
0.00021409988403320312
0.00026416778564453125
0.0002677440643310547
0.0002009868621826172
0.0002510547637939453
0.00020813941955566406
0.0002739429473876953
0.00025391578674316406
0.0002200603485107422
8.511543273925781e-05
0.00029087066650390625
0.00025582313537597656
0.00021791458129882812
0.0002491474151611328
0.00017499923706054688
0.00016736984252929688
0.0002880096435546875
0.00021004676818847656
0.00026607513427734375
0.00028705596923828125
0.0002608299255371094
0.0002422332763671875
0.0002639293670654297
0.00025010108947753906
0.0002429485321044922
0.0002810955047607422
0.00023794174194335938
0.00023317337036132812
0.0002028942108154297
0.0002810955047607422
0.00025916099548339844
0.0002422332763671875
0.00010204315185546875
0.0002522468566894531
0.00025582313537597656
0.00025391578674316406
0.0002627372741699219
0.0002219676971435547
0.0002219676971435547
0.0002579689025878906
0.00027489662170410156
0.00023126602172851562
0.0002269744873046875
0.00030303001403808594
0.00024199485778808594
0.0002307891845703125
0.00024819374084472656
0.00021195411682128906
0.00022220611572265625
0.00027108192443847656
0.0002570152282714844
0.0002541542053222656
0.0002281665802001953
0.0001678466796875
0.00022602081298828125
0.00021123886108398438
0.0002422332763671875
0.00022411346435546875
0.00027298927307128906
0.0002732276916503906
0.00019288063049316406
0.0002789497375488281
0.0002491474151611328
0.00024390220642089844
0.00026488304138183594
0.00028014183044433594
0.00025916099548339844
0.0002980232238769531
0.00020194053649902344
0.0002410411834716797
0.00026607513427734375
0.00025582313537597656
0.00022101402282714844
0.00023102760314941406
0.00026607513427734375
0.0002949237823486328
0.0002627372741699219
0.00022029876708984375
0.00020503997802734375
0.00026702880859375
0.0002148151397705078
0.00021600723266601562
0.00016117095947265625
0.0002651214599609375
0.000270843505859375
0.00016999244689941406
0.00023293495178222656
0.0002570152282714844
0.00017976760864257812
0.0002410411834716797
0.0002288818359375
0.0002040863037109375
0.00024008750915527344
0.00023984909057617188
0.00023484230041503906
0.00029397010803222656
0.0002892017364501953
0.00025391578674316406
0.00021314620971679688
0.00021386146545410156
7.796287536621094e-05
0.0002510547637939453
0.00026679039001464844
0.0003020763397216797
0.00024509429931640625
0.0001842975616455078
0.0001800060272216797
0.00022411346435546875
0.0002608299255371094
0.0002589225769042969
0.0002639293670654297
0.0002689361572265625
0.00024390220642089844
0.00021600723266601562
0.0002620220184326172
0.00026702880859375
0.0002779960632324219
0.00019931793212890625
0.0002841949462890625
0.00018525123596191406
0.0002601146697998047
0.00022292137145996094
0.00024580955505371094
8.082389831542969e-05
0.0002548694610595703
0.0002410411834716797
0.0002620220184326172
0.0002422332763671875
0.0002529621124267578
0.0002658367156982422
0.00024890899658203125
0.0002579689025878906
0.00030112266540527344
0.00020623207092285156
0.0002791881561279297
0.0002231597900390625
0.00026488304138183594
0.0002560615539550781
0.0002739429473876953
0.00026106834411621094
0.00020384788513183594
0.0003809928894042969
0.00022912025451660156
0.00012803077697753906
0.0002448558807373047
0.00026702880859375
8.392333984375e-05
0.0002560615539550781
0.00026416778564453125
0.00022721290588378906
0.00022912025451660156
0.00023698806762695312
0.00021004676818847656
0.0002422332763671875
0.0002269744873046875
0.0002639293670654297
0.00025081634521484375
0.00024819374084472656
0.0002701282501220703
