None
8.106231689453125e-05
0.000270843505859375
0.00025391578674316406
0.00024080276489257812
0.00024008750915527344
0.0002570152282714844
0.0002541542053222656
0.00021910667419433594
0.00016307830810546875
0.00024199485778808594
0.0002570152282714844
0.000202178955078125
0.00024390220642089844
0.00026607513427734375
0.0002491474151611328
0.00024819374084472656
0.0002307891845703125
0.00023603439331054688
0.00023412704467773438
0.00025534629821777344
0.0002067089080810547
0.0001971721649169922
0.0002391338348388672
0.00022602081298828125
0.0002281665802001953
0.0002701282501220703
0.0002651214599609375
0.00025200843811035156
0.00015306472778320312
0.00022101402282714844
0.0002560615539550781
0.00023102760314941406
0.0002288818359375
0.0002288818359375
0.0001850128173828125
0.0002002716064453125
0.00025391578674316406
0.0002307891845703125
8.416175842285156e-05
0.0002307891845703125
0.00018477439880371094
0.0002391338348388672
0.00023794174194335938
0.000202178955078125
0.0001571178436279297
0.000209808349609375
0.00013184547424316406
0.000247955322265625
0.00023174285888671875
0.0002789497375488281
0.00019979476928710938
0.00026702880859375
0.0002288818359375
0.00023317337036132812
0.00026297569274902344
0.00020003318786621094
0.0002319812774658203
0.00024390220642089844
0.000225067138671875
0.0002448558807373047
0.0002472400665283203
0.0002300739288330078
0.00012421607971191406
0.00023293495178222656
0.0001990795135498047
0.00023698806762695312
0.00023221969604492188
0.00021505355834960938
0.00023293495178222656
0.0001881122589111328
0.0002429485321044922
9.918212890625e-05
0.00024008750915527344
0.00016689300537109375
0.00025963783264160156
0.00024819374084472656
0.00013899803161621094
0.0002779960632324219
0.0002810955047607422
0.0002486705780029297
0.00019621849060058594
0.0002682209014892578
0.0002751350402832031
0.00021600723266601562
0.00024819374084472656
0.0001697540283203125
0.00026702880859375
0.00025177001953125
0.0002906322479248047
0.0002827644348144531
0.00021505355834960938
0.00020694732666015625
0.00020766258239746094
0.0002818107604980469
0.0002639293670654297
0.00031495094299316406
0.00024700164794921875
0.00019288063049316406
0.00013494491577148438
0.00023698806762695312
0.0001499652862548828
0.0002219676971435547
0.0003108978271484375
0.00028705596923828125
0.0002422332763671875
0.0002658367156982422
0.0002570152282714844
0.00026607513427734375
0.00019097328186035156
7.510185241699219e-05
0.00024580955505371094
0.0002579689025878906
0.00021719932556152344
0.00025916099548339844
0.00025391578674316406
0.00022602081298828125
0.00023674964904785156
0.00023698806762695312
0.00026702880859375
0.000225067138671875
0.00025081634521484375
0.00029969215393066406
0.00024819374084472656
0.00026226043701171875
0.00027680397033691406
0.00026798248291015625
0.00022602081298828125
0.0002582073211669922
0.00021719932556152344
0.0002560615539550781
5.91278076171875e-05
0.00028705596923828125
0.00024771690368652344
0.00026798248291015625
0.0002338886260986328
0.0001499652862548828
0.00025081634521484375
0.0002579689025878906
0.00026917457580566406
0.00026416778564453125
0.00027179718017578125
0.000244140625
9.298324584960938e-05
0.0002410411834716797
0.0001971721649169922
0.00020194053649902344
0.0002651214599609375
0.0002422332763671875
0.0002892017364501953
0.0002300739288330078
0.00022292137145996094
0.00025177001953125
0.00027489662170410156
0.00021195411682128906
0.00019979476928710938
0.00024199485778808594
0.0001862049102783203
0.00021886825561523438
0.00021505355834960938
0.0002651214599609375
0.0002911090850830078
0.000247955322265625
0.00021004676818847656
0.00023984909057617188
0.00018215179443359375
0.00021409988403320312
0.0002560615539550781
0.00019097328186035156
0.000164031982421875
0.00018095970153808594
0.00022721290588378906
0.00021791458129882812
0.00021910667419433594
0.00025391578674316406
0.000225067138671875
0.00017070770263671875
0.00023889541625976562
0.0001990795135498047
0.0002338886260986328
0.00024199485778808594
0.00017905235290527344
0.00024390220642089844
0.0002796649932861328
0.00023317337036132812
0.0002589225769042969
0.0002391338348388672
0.00018596649169921875
0.00013303756713867188
0.0002281665802001953
0.00022101402282714844
0.00024509429931640625
0.00023221969604492188
0.0002529621124267578
0.00021791458129882812
0.00025200843811035156
0.0002510547637939453
0.00026798248291015625
0.0002238750457763672
0.0002262592315673828
0.0002391338348388672
0.00023818016052246094
0.000225067138671875
0.0002460479736328125
0.00023317337036132812
0.00023102760314941406
0.00010275840759277344
0.00021791458129882812
0.000186920166015625
0.00022721290588378906
0.0002319812774658203
0.00019669532775878906
0.00022983551025390625
0.00022721290588378906
8.273124694824219e-05
