None
0.00019669532775878906
0.0003261566162109375
0.000286102294921875
0.000308990478515625
0.00010800361633300781
0.0002429485321044922
0.00028395652770996094
0.0002219676971435547
0.0002818107604980469
0.00024390220642089844
0.0002613067626953125
0.0002498626708984375
0.00025391578674316406
0.00024390220642089844
0.00021886825561523438
0.0002338886260986328
0.00019097328186035156
0.00021576881408691406
7.724761962890625e-05
0.00024890899658203125
0.0002720355987548828
0.0002357959747314453
0.0003230571746826172
0.0002541542053222656
0.0002391338348388672
0.0002639293670654297
0.0002541542053222656
0.0002429485321044922
0.0002582073211669922
0.00024008750915527344
0.00023889541625976562
0.0002522468566894531
0.0002560615539550781
0.00020122528076171875
0.00014209747314453125
0.0002372264862060547
0.00021696090698242188
0.00033593177795410156
0.0002582073211669922
0.00022912025451660156
0.00024080276489257812
0.0002391338348388672
0.00022101402282714844
0.000240325927734375
0.00018286705017089844
0.00019216537475585938
0.00025200843811035156
0.000293731689453125
0.00024771690368652344
0.00023984909057617188
0.00018715858459472656
0.00020194053649902344
0.0003008842468261719
0.00022721290588378906
0.00015807151794433594
0.0002307891845703125
0.00023317337036132812
0.0002639293670654297
0.0002970695495605469
0.00029587745666503906
0.0002410411834716797
0.00027298927307128906
0.00025010108947753906
0.0002541542053222656
0.00020694732666015625
0.0003120899200439453
0.0002510547637939453
0.0002110004425048828
0.00024127960205078125
0.00026416778564453125
0.00026798248291015625
0.00023603439331054688
0.0002448558807373047
0.0002129077911376953
0.00025010108947753906
0.0002627372741699219
0.0002589225769042969
0.00014591217041015625
0.0002090930938720703
0.00018668174743652344
0.00025081634521484375
0.00017905235290527344
0.00023484230041503906
0.0002510547637939453
0.00019502639770507812
0.00022792816162109375
0.00020503997802734375
0.00023484230041503906
0.00019693374633789062
0.0001919269561767578
0.00010395050048828125
0.0001919269561767578
0.00024390220642089844
0.00024700164794921875
8.797645568847656e-05
0.00024819374084472656
0.0002639293670654297
0.00013685226440429688
0.00018477439880371094
0.00023508071899414062
0.00025916099548339844
0.00020122528076171875
0.00021076202392578125
0.00021004676818847656
0.00023484230041503906
0.0002503395080566406
0.000263214111328125
6.103515625e-05
0.00023293495178222656
0.00022602081298828125
0.00021004676818847656
0.0002620220184326172
0.00021600723266601562
0.000186920166015625
0.0002651214599609375
0.0002460479736328125
0.00020813941955566406
0.00024390220642089844
0.00023293495178222656
0.00019478797912597656
9.894371032714844e-05
0.0002548694610595703
0.00025177001953125
0.00023508071899414062
0.0002989768981933594
0.0002779960632324219
0.0002770423889160156
0.0002620220184326172
0.00025081634521484375
0.0002541542053222656
0.00017881393432617188
0.0002620220184326172
0.0002598762512207031
0.0001480579376220703
0.00021386146545410156
0.00018596649169921875
0.0001952648162841797
0.00026702880859375
0.00020265579223632812
0.0002512931823730469
0.0002486705780029297
0.00031495094299316406
0.0002129077911376953
0.0002589225769042969
0.00025177001953125
0.0002510547637939453
0.00027108192443847656
0.00023865699768066406
0.0002548694610595703
0.00023818016052246094
0.0002586841583251953
0.0002741813659667969
0.0002548694610595703
0.00023102760314941406
0.0001971721649169922
0.00019598007202148438
0.00022482872009277344
0.0001919269561767578
0.00021696090698242188
0.00022292137145996094
0.00021195411682128906
0.00024175643920898438
0.00023508071899414062
0.00019216537475585938
0.0001537799835205078
0.00018596649169921875
0.0002319812774658203
0.0002410411834716797
0.00026106834411621094
0.0002570152282714844
0.0002841949462890625
0.00020813941955566406
0.00020194053649902344
0.0001842975616455078
0.00025391578674316406
0.0002219676971435547
0.00021195411682128906
0.00020313262939453125
0.00019478797912597656
0.00024700164794921875
0.00028395652770996094
0.00024008750915527344
0.00031185150146484375
0.00015306472778320312
0.00027108192443847656
0.0002868175506591797
0.00019216537475585938
0.0003077983856201172
0.00026607513427734375
0.00025391578674316406
0.0001900196075439453
0.0002689361572265625
0.0002980232238769531
0.0002541542053222656
0.0001938343048095703
0.00020885467529296875
0.0002448558807373047
0.00026702880859375
0.00024318695068359375
0.0002512931823730469
0.0002570152282714844
0.0002682209014892578
0.0002110004425048828
0.00017976760864257812
0.00020503997802734375
0.000247955322265625
0.00034880638122558594
9.107589721679688e-05
0.0002498626708984375
0.00025391578674316406
0.00025177001953125
0.0001926422119140625
0.0001900196075439453
0.00018024444580078125
