None
0.00028324127197265625
0.0002932548522949219
0.0002651214599609375
0.00027108192443847656
0.0002758502960205078
0.0002970695495605469
0.00017595291137695312
0.0002830028533935547
0.0002932548522949219
7.605552673339844e-05
0.000270843505859375
0.0002932548522949219
0.0002830028533935547
0.0002880096435546875
0.00028514862060546875
0.00022721290588378906
0.0003170967102050781
0.0002601146697998047
0.0002808570861816406
0.0003771781921386719
0.00026297569274902344
0.0002551078796386719
0.0002720355987548828
0.00026297569274902344
0.0002849102020263672
0.00024890899658203125
0.0002598762512207031
0.00028014183044433594
0.0003211498260498047
0.0002961158752441406
0.00020694732666015625
0.00012803077697753906
0.00010991096496582031
0.0002760887145996094
0.00027489662170410156
0.00015401840209960938
0.00021195411682128906
0.00027489662170410156
0.0003170967102050781
0.00020503997802734375
0.00026297569274902344
0.000270843505859375
0.000270843505859375
0.0002620220184326172
0.0002961158752441406
0.0002579689025878906
0.0002579689025878906
0.0002999305725097656
0.0003268718719482422
0.00029015541076660156
0.00028204917907714844
0.0002796649932861328
0.00028586387634277344
0.00028204917907714844
0.0002830028533935547
0.00034618377685546875
0.0002181529998779297
0.00022101402282714844
0.0002639293670654297
0.00024509429931640625
0.0002732276916503906
0.0002760887145996094
0.00023484230041503906
0.00026702880859375
0.0002799034118652344
0.0002570152282714844
0.0001971721649169922
0.0002682209014892578
0.00026416778564453125
0.0002841949462890625
0.00028514862060546875
0.0002720355987548828
0.0002129077911376953
0.0002942085266113281
0.00024890899658203125
0.00032806396484375
0.0003590583801269531
7.295608520507812e-05
0.00021982192993164062
0.0002779960632324219
0.0002932548522949219
0.0001819133758544922
0.00028014183044433594
0.00029277801513671875
0.0002930164337158203
0.0002770423889160156
0.00023674964904785156
0.0002722740173339844
0.0003190040588378906
0.0002739429473876953
0.00023126602172851562
0.0002980232238769531
0.00028705596923828125
0.00026988983154296875
0.00014209747314453125
0.00022983551025390625
0.0002181529998779297
0.00025177001953125
0.00029969215393066406
0.0002532005310058594
8.082389831542969e-05
0.00030612945556640625
0.00021910667419433594
0.00026488304138183594
0.0002808570861816406
0.0002181529998779297
0.0002951622009277344
0.0002200603485107422
0.0002701282501220703
0.00010323524475097656
0.0002732276916503906
0.00023603439331054688
0.00026488304138183594
0.0002758502960205078
0.00026416778564453125
0.0003662109375
0.00023698806762695312
0.0002810955047607422
0.0002009868621826172
0.0002238750457763672
0.00024127960205078125
0.0002942085266113281
0.0002582073211669922
0.00011491775512695312
0.00021910667419433594
0.00030994415283203125
0.00027179718017578125
0.00026702880859375
0.0002758502960205078
0.0003209114074707031
0.0002751350402832031
0.0002999305725097656
0.0002808570861816406
0.00023698806762695312
0.00028204917907714844
0.0002732276916503906
0.0002980232238769531
0.0002148151397705078
0.00022983551025390625
0.00026798248291015625
0.0002880096435546875
0.00025177001953125
0.00026702880859375
0.0002968311309814453
0.00028705596923828125
0.00023412704467773438
0.00028586387634277344
0.00017881393432617188
0.00021004676818847656
0.0002281665802001953
0.0002751350402832031
0.0002818107604980469
0.00028514862060546875
0.0002739429473876953
0.0002999305725097656
0.0002932548522949219
0.0002231597900390625
0.0002827644348144531
0.00029206275939941406
0.0002791881561279297
0.00025272369384765625
0.00029587745666503906
0.00021696090698242188
0.00021195411682128906
0.0002110004425048828
0.0001418590545654297
0.0003037452697753906
0.0002899169921875
0.00012493133544921875
0.0002601146697998047
0.0002799034118652344
0.0003161430358886719
0.00026607513427734375
0.0002760887145996094
0.0002238750457763672
0.0002510547637939453
0.00021791458129882812
0.0002868175506591797
0.0003399848937988281
0.0002598762512207031
0.00033783912658691406
0.0003440380096435547
0.0002789497375488281
0.00028014183044433594
0.0002808570861816406
0.0002918243408203125
0.0002989768981933594
0.0003108978271484375
0.0002949237823486328
0.0002570152282714844
0.00026702880859375
0.0001049041748046875
0.00028586387634277344
0.00021600723266601562
0.0002608299255371094
0.0002799034118652344
0.00022292137145996094
0.00018286705017089844
0.00021910667419433594
0.00028967857360839844
0.0002911090850830078
0.00023317337036132812
0.00024580955505371094
0.00027680397033691406
0.00028014183044433594
0.00028204917907714844
0.0002541542053222656
0.0003027915954589844
0.00021505355834960938
0.00026798248291015625
0.00030422210693359375
0.0002791881561279297
0.0002849102020263672
0.00023508071899414062
0.0001819133758544922
0.0002460479736328125
0.0002319812774658203
0.0002949237823486328
0.00028204917907714844
