None
0.0002529621124267578
0.0002460479736328125
0.00023818016052246094
0.0002009868621826172
0.00020503997802734375
0.00011873245239257812
0.0002009868621826172
8.416175842285156e-05
0.000263214111328125
0.00026869773864746094
0.00023484230041503906
0.00024509429931640625
0.00021409988403320312
0.00020503997802734375
0.00023031234741210938
0.0002219676971435547
0.0002391338348388672
0.0002613067626953125
0.00020933151245117188
0.0002460479736328125
0.00023984909057617188
8.106231689453125e-05
0.00023603439331054688
0.00026297569274902344
0.0002529621124267578
0.00023984909057617188
7.104873657226562e-05
0.0001900196075439453
0.0002269744873046875
0.00021076202392578125
0.00023293495178222656
0.0002307891845703125
0.00024771690368652344
0.00022602081298828125
0.00023984909057617188
0.000247955322265625
0.00018715858459472656
0.000244140625
0.0002429485321044922
0.0002429485321044922
0.00020503997802734375
0.000213623046875
0.00023889541625976562
0.0002529621124267578
0.0002429485321044922
0.00022602081298828125
0.0002460479736328125
0.0001990795135498047
0.00024700164794921875
0.0002608299255371094
0.00023889541625976562
0.00018310546875
0.00024390220642089844
0.0002422332763671875
0.0002002716064453125
0.0001819133758544922
0.0002961158752441406
0.0002048015594482422
0.0002789497375488281
0.00017499923706054688
0.0002760887145996094
0.000225067138671875
0.0002579689025878906
0.0002288818359375
0.00024008750915527344
0.0002510547637939453
0.0002498626708984375
0.00021004676818847656
0.0002467632293701172
0.0002357959747314453
0.0002589225769042969
0.0002338886260986328
0.0002110004425048828
0.0002079010009765625
0.00023889541625976562
0.00024008750915527344
0.0002071857452392578
0.0002071857452392578
0.0002601146697998047
0.00023508071899414062
0.0002448558807373047
0.00019598007202148438
0.00023317337036132812
0.000164031982421875
0.00021600723266601562
0.00030493736267089844
0.0002529621124267578
0.0002448558807373047
0.00025391578674316406
0.000102996826171875
0.00026297569274902344
0.0001780986785888672
0.00021195411682128906
0.0002486705780029297
8.130073547363281e-05
0.0002608299255371094
0.0002338886260986328
0.0002491474151611328
0.0002770423889160156
0.00015425682067871094
0.0002620220184326172
0.0002467632293701172
0.00018095970153808594
0.0002551078796386719
0.0002758502960205078
0.00023865699768066406
0.0002570152282714844
0.0002551078796386719
0.0002601146697998047
0.00026488304138183594
0.0002658367156982422
0.00028514862060546875
0.0002770423889160156
0.0001888275146484375
0.0002448558807373047
0.000244140625
0.0002658367156982422
0.000244140625
0.0002608299255371094
0.0002181529998779297
0.00029015541076660156
0.0002429485321044922
0.00025200843811035156
0.00023412704467773438
0.0002760887145996094
0.000431060791015625
0.0002601146697998047
0.0003180503845214844
0.00021314620971679688
0.00024580955505371094
0.000247955322265625
0.00023818016052246094
0.0001621246337890625
0.00028014183044433594
0.0002288818359375
0.00024080276489257812
0.0001678466796875
0.00026297569274902344
0.0002548694610595703
0.0002319812774658203
0.0002529621124267578
0.0002372264862060547
0.0002219676971435547
0.00026488304138183594
0.0002002716064453125
0.00023889541625976562
0.0002090930938720703
0.0002460479736328125
0.0002589225769042969
0.0002510547637939453
0.00023317337036132812
0.00023412704467773438
0.00015616416931152344
0.00030303001403808594
0.00025391578674316406
0.00028586387634277344
0.0002009868621826172
0.00023102760314941406
0.0002460479736328125
0.0002570152282714844
0.0002522468566894531
0.0002288818359375
0.00017309188842773438
0.00023603439331054688
0.0001850128173828125
0.00024890899658203125
0.0002002716064453125
8.487701416015625e-05
0.0001537799835205078
0.0002613067626953125
0.0002090930938720703
0.0002758502960205078
0.00013303756713867188
0.0002338886260986328
0.0002689361572265625
0.0002906322479248047
0.0003199577331542969
0.00030112266540527344
0.0002586841583251953
0.00020599365234375
0.00023794174194335938
0.00024008750915527344
0.0002830028533935547
0.0002541542053222656
0.0002548694610595703
0.00020122528076171875
0.0002391338348388672
0.0002911090850830078
0.0002391338348388672
0.0002460479736328125
0.00022292137145996094
0.00026869773864746094
0.00025010108947753906
0.0002448558807373047
0.00021195411682128906
0.00022602081298828125
0.0002779960632324219
0.00020575523376464844
0.00024199485778808594
0.0002429485321044922
0.00020194053649902344
0.0002639293670654297
0.00024890899658203125
0.0002219676971435547
0.00021719932556152344
0.00021791458129882812
0.0002689361572265625
0.00023698806762695312
0.00025010108947753906
0.00019884109497070312
0.00025081634521484375
0.00018715858459472656
0.00024390220642089844
0.00014591217041015625
0.0001277923583984375
0.0002529621124267578
0.0002052783966064453
0.0002460479736328125
0.00024199485778808594
