None
0.0002617835998535156
0.0001220703125
7.390975952148438e-05
0.0001678466796875
0.00023221969604492188
0.0002231597900390625
0.00021910667419433594
0.0002238750457763672
0.0002989768981933594
0.00022912025451660156
0.00015115737915039062
0.00021910667419433594
0.00022101402282714844
0.00023031234741210938
0.00022125244140625
7.677078247070312e-05
0.00021886825561523438
0.00023603439331054688
7.486343383789062e-05
0.0001819133758544922
0.00013589859008789062
0.00030112266540527344
0.000225067138671875
0.0002338886260986328
0.00024509429931640625
0.00022792816162109375
0.00022912025451660156
0.0001659393310546875
0.00023794174194335938
0.0002181529998779297
0.00012993812561035156
0.0002522468566894531
0.00023794174194335938
0.0002701282501220703
0.0002372264862060547
0.00018787384033203125
0.00023126602172851562
0.0001659393310546875
0.00023293495178222656
0.00020122528076171875
0.0002560615539550781
0.00024008750915527344
0.000209808349609375
0.00019979476928710938
0.00022912025451660156
0.0002460479736328125
0.00023889541625976562
0.0001461505889892578
0.00019812583923339844
0.0002741813659667969
0.00019812583923339844
0.00022602081298828125
0.00024700164794921875
0.0002422332763671875
0.00019693374633789062
0.00023818016052246094
0.0002110004425048828
0.00020503997802734375
0.00020003318786621094
0.0002579689025878906
0.00024199485778808594
0.00022077560424804688
0.00023126602172851562
0.00018477439880371094
0.00014901161193847656
0.00023674964904785156
0.0002391338348388672
0.00019812583923339844
0.0002009868621826172
0.00024390220642089844
0.00022411346435546875
0.00023102760314941406
0.00024890899658203125
0.00026917457580566406
0.00017905235290527344
0.00022602081298828125
8.0108642578125e-05
0.00023484230041503906
0.00021505355834960938
0.00024318695068359375
0.00019407272338867188
0.00024390220642089844
0.0002319812774658203
0.0002300739288330078
0.0002799034118652344
0.00021004676818847656
0.00023317337036132812
0.0002281665802001953
0.00023293495178222656
0.0001800060272216797
0.0002181529998779297
0.00018310546875
0.00022983551025390625
0.00020360946655273438
0.00022125244140625
0.00017309188842773438
0.00022101402282714844
0.00024509429931640625
0.00019025802612304688
0.0002551078796386719
0.00022912025451660156
0.0002338886260986328
0.00018405914306640625
0.00023508071899414062
0.0002269744873046875
0.00022912025451660156
0.00018715858459472656
0.00024318695068359375
0.00023317337036132812
0.00025200843811035156
0.0002570152282714844
0.00010609626770019531
0.00021195411682128906
0.00023031234741210938
0.0002281665802001953
0.0002429485321044922
0.00022721290588378906
0.00018405914306640625
0.00025391578674316406
0.0002598762512207031
0.0002410411834716797
0.00017690658569335938
0.0002028942108154297
0.00021195411682128906
0.00021576881408691406
0.0002529621124267578
0.00023508071899414062
0.000225067138671875
0.00011706352233886719
0.0002288818359375
0.0002300739288330078
0.00019216537475585938
0.00023984909057617188
0.00019288063049316406
0.000438690185546875
0.00018596649169921875
0.0002071857452392578
0.0002200603485107422
0.0002372264862060547
0.00025081634521484375
0.0001499652862548828
0.00020575523376464844
0.00022912025451660156
0.00019788742065429688
0.00022721290588378906
0.0002257823944091797
0.00023102760314941406
0.00024008750915527344
0.00018787384033203125
0.000202178955078125
8.916854858398438e-05
0.00027179718017578125
0.0002532005310058594
0.0001971721649169922
0.00019097328186035156
0.00018835067749023438
0.00018477439880371094
0.00023412704467773438
0.00021076202392578125
0.0001900196075439453
0.00023603439331054688
0.00016617774963378906
0.00023221969604492188
7.176399230957031e-05
0.00020003318786621094
0.0002429485321044922
0.0002639293670654297
0.0002307891845703125
0.00023293495178222656
0.00021696090698242188
0.00021195411682128906
0.00022101402282714844
0.0001819133758544922
0.00021600723266601562
0.00023508071899414062
0.0002338886260986328
0.00013375282287597656
0.00022482872009277344
0.0002269744873046875
0.00023508071899414062
0.0002319812774658203
0.00014400482177734375
0.00023126602172851562
0.00023698806762695312
0.0001373291015625
0.0002818107604980469
0.00025391578674316406
0.00020575523376464844
0.0001919269561767578
0.00024008750915527344
0.0002200603485107422
0.0002338886260986328
0.0002238750457763672
0.0002200603485107422
0.00024700164794921875
0.0002148151397705078
0.0002689361572265625
0.00020813941955566406
0.00022721290588378906
0.0002872943878173828
0.00022912025451660156
0.00019311904907226562
0.0002300739288330078
0.00020503997802734375
0.0002529621124267578
0.00020194053649902344
0.00021910667419433594
0.0002570152282714844
0.0002269744873046875
0.00023293495178222656
0.00024199485778808594
0.00019407272338867188
0.0002529621124267578
0.00023484230041503906
