None
0.00024008750915527344
0.00024199485778808594
0.0002837181091308594
0.00027489662170410156
0.00021505355834960938
0.00024890899658203125
0.00023603439331054688
0.00025582313537597656
0.0002200603485107422
0.0002129077911376953
0.00027489662170410156
0.0002579689025878906
0.00032401084899902344
0.0002796649932861328
0.0002269744873046875
0.00019621849060058594
0.00026488304138183594
0.00016689300537109375
0.0002429485321044922
0.0001270771026611328
0.00025773048400878906
0.0002627372741699219
0.0002269744873046875
0.00024199485778808594
0.00027108192443847656
0.00024700164794921875
0.00027108192443847656
0.00026702880859375
0.00026988983154296875
0.00025177001953125
0.0002818107604980469
0.0002658367156982422
0.00025391578674316406
0.00019407272338867188
0.0002510547637939453
0.00024199485778808594
0.00017261505126953125
0.00022482872009277344
0.00026798248291015625
0.00020503997802734375
0.0002617835998535156
7.915496826171875e-05
0.0002448558807373047
0.00022220611572265625
0.00021505355834960938
0.0002300739288330078
0.00026702880859375
0.0002722740173339844
0.00023818016052246094
0.0002758502960205078
0.00023984909057617188
0.00021505355834960938
0.00032782554626464844
0.00026488304138183594
0.00024080276489257812
0.00026297569274902344
0.0002601146697998047
0.00025272369384765625
0.0002586841583251953
0.0002770423889160156
0.00015211105346679688
0.000286102294921875
0.0002532005310058594
0.0002720355987548828
0.00010013580322265625
0.000244140625
0.00025773048400878906
0.00024390220642089844
0.0002300739288330078
0.0002651214599609375
0.0002238750457763672
0.0002639293670654297
0.00024700164794921875
0.0002560615539550781
0.0002799034118652344
0.0002551078796386719
0.00018310546875
0.00023293495178222656
0.0002608299255371094
0.0002608299255371094
0.0002498626708984375
0.00025582313537597656
0.0002651214599609375
0.00017523765563964844
0.00026702880859375
0.0002689361572265625
0.0002942085266113281
0.0001628398895263672
0.0002570152282714844
0.0002849102020263672
0.0002129077911376953
0.00030493736267089844
0.0001919269561767578
0.0002570152282714844
0.0002989768981933594
0.00024080276489257812
0.0002532005310058594
0.0003063678741455078
0.00024700164794921875
0.00027871131896972656
0.00027108192443847656
0.00016689300537109375
0.0002810955047607422
0.0002560615539550781
0.0002598762512207031
0.0002410411834716797
0.0002532005310058594
0.00020599365234375
0.000244140625
0.00022482872009277344
0.0002522468566894531
0.00019621849060058594
0.0003261566162109375
0.00027871131896972656
0.00028586387634277344
0.0002560615539550781
0.0002608299255371094
0.00023603439331054688
0.00026297569274902344
0.0002491474151611328
0.0002701282501220703
0.0002720355987548828
0.0002231597900390625
0.0002899169921875
0.00025582313537597656
0.0003120899200439453
0.0002751350402832031
0.0002970695495605469
0.0002639293670654297
0.0002799034118652344
0.00029087066650390625
0.00023317337036132812
0.00029397010803222656
0.0002002716064453125
0.0002429485321044922
0.00023293495178222656
0.0002849102020263672
0.00021982192993164062
0.00023865699768066406
0.0002110004425048828
0.0001289844512939453
0.0002601146697998047
0.00010991096496582031
0.0002639293670654297
0.00022101402282714844
0.0003039836883544922
0.00026702880859375
0.00029277801513671875
0.00021409988403320312
0.0001850128173828125
0.0001850128173828125
0.0002319812774658203
0.0002930164337158203
0.00025200843811035156
0.0002200603485107422
7.200241088867188e-05
0.0001437664031982422
0.0002808570861816406
0.0002269744873046875
0.00026798248291015625
0.0002689361572265625
0.00030493736267089844
0.00027108192443847656
0.0002460479736328125
0.0002551078796386719
0.00012969970703125
0.00025200843811035156
0.0002529621124267578
0.0002770423889160156
0.0002918243408203125
0.00026702880859375
0.00027179718017578125
0.0002830028533935547
0.0002009868621826172
0.00021791458129882812
0.00021886825561523438
0.0002460479736328125
0.00023794174194335938
7.081031799316406e-05
0.00014591217041015625
0.00025200843811035156
0.00018310546875
0.00026297569274902344
0.0001590251922607422
0.00023102760314941406
0.0002129077911376953
0.00026416778564453125
0.0002522468566894531
0.00027871131896972656
0.0002460479736328125
0.00026488304138183594
0.00028395652770996094
0.0002779960632324219
0.00022792816162109375
0.0002570152282714844
0.00022673606872558594
0.00024509429931640625
0.00023508071899414062
0.0002942085266113281
0.0002579689025878906
0.0002460479736328125
9.012222290039062e-05
0.00026798248291015625
0.0002808570861816406
0.00023818016052246094
0.00021195411682128906
0.0002498626708984375
0.00028395652770996094
0.0002541542053222656
0.00020885467529296875
0.0002491474151611328
0.00027179718017578125
0.0002627372741699219
0.00020194053649902344
0.0002071857452392578
0.00018405914306640625
0.00020694732666015625
0.00025773048400878906
0.0002200603485107422
0.0002651214599609375
0.000225067138671875
0.00027108192443847656
0.00024175643920898438
0.0002949237823486328
0.0001380443572998047
0.00024199485778808594
0.0002334117889404297
0.00022125244140625
0.0002810955047607422
0.00019407272338867188
