None
0.0001838207244873047
0.00020599365234375
0.0001850128173828125
0.00029206275939941406
0.000247955322265625
0.00017404556274414062
0.00023794174194335938
0.00025200843811035156
0.00022077560424804688
0.00024175643920898438
0.0002460479736328125
7.891654968261719e-05
0.0002319812774658203
0.0002448558807373047
0.00026798248291015625
0.00010228157043457031
0.0003390312194824219
0.00023317337036132812
0.0002200603485107422
0.000308990478515625
0.00024700164794921875
0.00019979476928710938
0.0002422332763671875
0.0002377033233642578
0.00024771690368652344
0.00020313262939453125
0.00024390220642089844
0.00024580955505371094
0.00023984909057617188
0.0002429485321044922
0.00020003318786621094
0.0002219676971435547
0.00023221969604492188
0.00023603439331054688
0.00019693374633789062
0.0002319812774658203
0.00023984909057617188
0.00024199485778808594
0.00013113021850585938
0.00018930435180664062
0.00023603439331054688
0.00025391578674316406
0.00023031234741210938
0.00024509429931640625
0.00022912025451660156
0.0002689361572265625
0.00023174285888671875
0.00028514862060546875
0.0002288818359375
0.00010275840759277344
0.00021195411682128906
0.00023126602172851562
0.00021314620971679688
0.0002551078796386719
0.00020194053649902344
0.00027108192443847656
0.0002720355987548828
0.00025010108947753906
0.0001621246337890625
0.0002989768981933594
0.00022792816162109375
0.0002532005310058594
0.00015687942504882812
0.0002560615539550781
0.00019598007202148438
0.00019502639770507812
0.0002219676971435547
0.0002288818359375
0.0002980232238769531
0.00023317337036132812
0.0002830028533935547
0.0002789497375488281
0.00024390220642089844
0.00026106834411621094
0.00024509429931640625
0.0002028942108154297
0.00021409988403320312
0.00017690658569335938
0.00021314620971679688
0.00025200843811035156
0.0002281665802001953
0.0002028942108154297
0.000270843505859375
0.00027108192443847656
0.00023293495178222656
0.00022482872009277344
0.0002627372741699219
9.274482727050781e-05
0.00026702880859375
0.00023317337036132812
0.0002732276916503906
0.000247955322265625
0.0001621246337890625
0.0002589225769042969
0.0003268718719482422
0.00013899803161621094
0.00021386146545410156
0.0002498626708984375
0.00018525123596191406
0.0002200603485107422
0.0002770423889160156
0.00023102760314941406
0.0002601146697998047
0.0001957416534423828
0.0002522468566894531
0.0002639293670654297
0.00019598007202148438
0.00018596649169921875
0.0002410411834716797
0.00022673606872558594
0.00023818016052246094
0.00019693374633789062
0.0002849102020263672
0.0001373291015625
0.00021886825561523438
0.0001990795135498047
0.00016307830810546875
0.0002300739288330078
0.00022912025451660156
0.00019478797912597656
0.00019693374633789062
0.00019621849060058594
0.0002219676971435547
0.00023818016052246094
0.0002262592315673828
6.914138793945312e-05
0.00018715858459472656
0.0002219676971435547
0.00025010108947753906
0.0002429485321044922
0.00019884109497070312
0.0002281665802001953
0.0002551078796386719
0.0003142356872558594
0.0002429485321044922
0.00023603439331054688
0.000247955322265625
0.00025081634521484375
0.00021696090698242188
0.0002429485321044922
0.0002028942108154297
0.0002067089080810547
0.0002009868621826172
0.00025010108947753906
0.00020694732666015625
0.00030612945556640625
0.00019097328186035156
0.00020384788513183594
0.00024199485778808594
0.0001900196075439453
0.00016117095947265625
0.00022983551025390625
0.00023674964904785156
0.0002460479736328125
0.00023603439331054688
0.0002732276916503906
0.0002512931823730469
0.0002808570861816406
9.989738464355469e-05
0.00024390220642089844
0.00022673606872558594
0.00022912025451660156
0.00021910667419433594
0.0002579689025878906
0.0002961158752441406
0.00021004676818847656
0.000179290771484375
0.00020384788513183594
0.0001761913299560547
0.00020575523376464844
0.0002079010009765625
0.00026226043701171875
0.0002639293670654297
0.00022983551025390625
0.0002429485321044922
0.00024127960205078125
0.00022411346435546875
0.0002338886260986328
0.0002429485321044922
0.0002429485321044922
0.00023889541625976562
0.0002510547637939453
0.00020313262939453125
0.00022411346435546875
0.00024008750915527344
0.00026607513427734375
0.00023484230041503906
0.0002551078796386719
0.00023984909057617188
0.00023102760314941406
0.00018095970153808594
0.00017404556274414062
0.00020003318786621094
0.00024819374084472656
0.0002040863037109375
0.00023984909057617188
0.00018095970153808594
0.0002262592315673828
0.0002231597900390625
0.00024127960205078125
0.00021386146545410156
9.107589721679688e-05
0.00023221969604492188
0.0002391338348388672
0.00027179718017578125
0.00024127960205078125
0.00022602081298828125
0.00022101402282714844
0.0002620220184326172
0.00018405914306640625
0.00016999244689941406
0.00024080276489257812
0.0002009868621826172
0.00023889541625976562
